15.9494 0
15.2013 0
16.5812 0
15.7198 0
15.9493 0.0343236
15.2012 0.0310375
16.581 0.0369205
15.7197 0.0330883
15.949 0.0686459
15.2009 0.0620738
16.5807 0.0738395
15.7193 0.0661753
15.9484 0.102966
15.2004 0.0931078
16.5801 0.110756
15.7188 0.0992596
15.9476 0.137281
15.1997 0.124138
16.5792 0.147667
15.718 0.13234
15.9466 0.171592
15.1988 0.155164
16.5781 0.184572
15.717 0.165415
15.9454 0.205896
15.1976 0.186183
16.5767 0.22147
15.7158 0.198482
15.9439 0.240191
15.1963 0.217196
16.5751 0.258359
15.7143 0.231542
15.9423 0.274478
15.1948 0.2482
16.5732 0.295237
15.7126 0.264593
15.9404 0.308754
15.1931 0.279194
16.5711 0.332104
15.7107 0.297632
15.9382 0.343019
15.1912 0.310178
16.5687 0.368956
15.7086 0.330659
15.9359 0.37727
15.189 0.34115
16.5661 0.405794
15.7063 0.363673
15.9333 0.411507
15.1867 0.372109
16.5633 0.442615
15.7037 0.396672
15.9305 0.445727
15.1842 0.403053
16.5602 0.479418
15.7009 0.429654
15.9275 0.479931
15.1814 0.433982
16.5568 0.516201
15.6979 0.462619
15.9243 0.514117
15.1785 0.464894
16.5532 0.552964
15.6946 0.495565
15.9208 0.548282
15.1753 0.495788
16.5493 0.589703
15.6912 0.52849
15.9171 0.582427
15.172 0.526664
16.5453 0.626419
15.6875 0.561394
15.9132 0.616549
15.1685 0.557519
16.5409 0.663109
15.6836 0.594275
15.9091 0.650648
15.1647 0.588352
16.5363 0.699772
15.6794 0.627132
15.9047 0.684722
15.1608 0.619163
16.5315 0.736407
15.6751 0.659962
15.9001 0.718769
15.1566 0.64995
16.5264 0.773011
15.6705 0.692766
15.8954 0.752789
15.1523 0.680713
16.5211 0.809584
15.6657 0.725541
15.8903 0.78678
15.1477 0.711449
16.5155 0.846124
15.6607 0.758287
15.8851 0.820741
15.143 0.742157
16.5097 0.88263
15.6554 0.791002
15.8796 0.854671
15.138 0.772838
16.5036 0.9191
15.65 0.823684
15.874 0.888567
15.1329 0.803488
16.4973 0.955532
15.6443 0.856333
15.8681 0.92243
15.1275 0.834108
16.4907 0.991925
15.6384 0.888946
15.8619 0.956258
15.122 0.864696
16.4839 1.02828
15.6323 0.921524
15.8556 0.990049
15.1162 0.895251
16.4769 1.06459
15.626 0.954063
15.849 1.0238
15.1103 0.925771
16.4696 1.10086
15.6194 0.986564
15.8423 1.05752
15.1042 0.956256
16.4621 1.13708
15.6126 1.01902
15.8353 1.09119
15.0978 0.986704
16.4543 1.17326
15.6056 1.05144
15.828 1.12482
15.0913 1.01711
16.4463 1.20939
15.5984 1.08382
15.8206 1.15841
15.0845 1.04749
16.4381 1.24547
15.591 1.11615
15.813 1.19196
15.0776 1.07782
16.4296 1.2815
15.5834 1.14844
15.8051 1.22545
15.0705 1.10811
16.4208 1.31747
15.5755 1.18068
15.797 1.25891
15.0631 1.13836
16.4118 1.3534
15.5674 1.21287
15.7887 1.29231
15.0556 1.16856
16.4026 1.38927
15.5591 1.24501
15.7802 1.32567
15.0479 1.19872
16.3932 1.42508
15.5506 1.2771
15.7715 1.35897
15.04 1.22883
16.3835 1.46084
15.5419 1.30914
15.7625 1.39222
15.0319 1.2589
16.3736 1.49653
15.533 1.34113
15.7534 1.42542
15.0236 1.28892
16.3634 1.53217
15.5238 1.37306
15.744 1.45857
15.0151 1.31889
16.353 1.56774
15.5144 1.40493
15.7344 1.49166
15.0064 1.34881
16.3423 1.60326
15.5049 1.43675
15.7246 1.52469
14.9975 1.37868
16.3315 1.6387
15.4951 1.46851
15.7146 1.55767
14.9884 1.40849
16.3203 1.67408
15.4851 1.50021
15.7043 1.59059
14.9792 1.43825
16.309 1.70939
15.4749 1.53185
15.6939 1.62344
14.9697 1.46796
16.2974 1.74464
15.4644 1.56343
15.6832 1.65624
14.96 1.49761
16.2856 1.77981
15.4538 1.59495
15.6724 1.68897
14.9502 1.52721
16.2735 1.81491
15.443 1.6264
15.6613 1.72164
14.9402 1.55674
16.2613 1.84994
15.4319 1.65778
15.65 1.75424
14.9299 1.58622
16.2488 1.8849
15.4206 1.6891
15.6385 1.78677
14.9195 1.61564
16.236 1.91977
15.4092 1.72035
15.6268 1.81924
14.9089 1.64499
16.223 1.95458
15.3975 1.75153
15.6149 1.85164
14.8981 1.67429
16.2098 1.9893
15.3856 1.78264
15.6028 1.88397
14.8871 1.70352
16.1964 2.02394
15.3735 1.81368
15.5905 1.91623
14.876 1.73268
16.1827 2.0585
15.3612 1.84464
15.578 1.94842
14.8646 1.76178
16.1688 2.09298
15.3487 1.87553
15.5652 1.98053
14.8531 1.79082
16.1547 2.12738
15.336 1.90635
15.5523 2.01257
14.8413 1.81978
16.1404 2.16169
15.3231 1.93709
15.5391 2.04453
14.8294 1.84868
16.1258 2.19592
15.31 1.96775
15.5258 2.07641
14.8173 1.8775
16.111 2.23005
15.2967 1.99833
15.5122 2.10822
14.805 1.90626
16.096 2.2641
15.2832 2.02883
15.4985 2.13995
14.7926 1.93494
16.0808 2.29806
15.2695 2.05925
15.4845 2.1716
14.7799 1.96356
16.0653 2.33192
15.2556 2.08959
15.4704 2.20316
14.7671 1.99209
16.0496 2.3657
15.2415 2.11985
15.456 2.23464
14.7541 2.02056
16.0337 2.39938
15.2272 2.15002
15.4414 2.26604
14.7409 2.04894
16.0176 2.43296
15.2127 2.1801
15.4267 2.29736
14.7275 2.07725
16.0013 2.46645
15.198 2.2101
15.4117 2.32858
14.714 2.10548
15.9847 2.49984
15.1831 2.24001
15.3966 2.35972
14.7002 2.13363
15.9679 2.53313
15.168 2.26983
15.3812 2.39078
14.6863 2.16171
15.951 2.56632
15.1527 2.29956
15.3657 2.42174
14.6722 2.1897
15.9338 2.59941
15.1372 2.3292
15.3499 2.45261
14.658 2.21761
15.9163 2.6324
15.1216 2.35875
15.334 2.48339
14.6435 2.24543
15.8987 2.66528
15.1057 2.3882
15.3179 2.51408
14.6289 2.27318
15.8809 2.69805
15.0896 2.41756
15.3015 2.54468
14.6141 2.30083
15.8628 2.73073
15.0734 2.44682
15.285 2.57518
14.5991 2.3284
15.8445 2.76329
15.057 2.47598
15.2683 2.60558
14.584 2.35589
15.826 2.79574
15.0403 2.50505
15.2514 2.63589
14.5687 2.38329
15.8074 2.82809
15.0235 2.53402
15.2343 2.6661
14.5532 2.41059
15.7885 2.86032
15.0065 2.56289
15.217 2.6962
14.5375 2.43781
15.7694 2.89244
14.9893 2.59166
15.1996 2.72621
14.5217 2.46494
15.7501 2.92445
14.972 2.62032
15.1819 2.75612
14.5057 2.49198
15.7305 2.95634
14.9544 2.64889
15.1641 2.78593
14.4895 2.51892
15.7108 2.98812
14.9367 2.67735
15.146 2.81563
14.4732 2.54577
15.6909 3.01978
14.9188 2.7057
15.1278 2.84523
14.4567 2.57253
15.6708 3.05133
14.9007 2.73395
15.1094 2.87473
14.44 2.59919
15.6505 3.08275
14.8824 2.76209
15.0908 2.90412
14.4232 2.62575
15.6299 3.11406
14.8639 2.79012
15.0721 2.9334
14.4062 2.65222
15.6092 3.14524
14.8453 2.81805
15.0531 2.96257
14.389 2.67859
15.5883 3.1763
14.8265 2.84586
15.034 2.99164
14.3717 2.70486
15.5672 3.20724
14.8075 2.87356
15.0147 3.02059
14.3542 2.73103
15.5459 3.23805
14.7883 2.90116
14.9952 3.04943
14.3365 2.7571
15.5244 3.26874
14.769 2.92863
14.9755 3.07816
14.3187 2.78307
15.5027 3.2993
14.7494 2.956
14.9557 3.10678
14.3007 2.80893
15.4808 3.32974
14.7297 2.98325
14.9357 3.13529
14.2826 2.8347
15.4587 3.36004
14.7099 3.01038
14.9155 3.16368
14.2643 2.86036
15.4364 3.39022
14.6899 3.0374
14.8951 3.19195
14.2458 2.88591
15.4139 3.42026
14.6696 3.0643
14.8745 3.22011
14.2272 2.91136
15.3913 3.45018
14.6493 3.09108
14.8538 3.24815
14.2084 2.9367
15.3685 3.47996
14.6287 3.11775
14.8329 3.27607
14.1895 2.96194
15.3454 3.50961
14.608 3.14429
14.8119 3.30387
14.1704 2.98707
15.3222 3.53912
14.5872 3.17071
14.7906 3.33155
14.1512 3.01208
15.2988 3.5685
14.5661 3.19701
14.7693 3.35911
14.1318 3.03699
15.2753 3.59774
14.5449 3.22319
14.7477 3.38655
14.1123 3.06179
15.2515 3.62685
14.5236 3.24925
14.7259 3.41387
14.0926 3.08648
15.2276 3.65581
14.502 3.27517
14.704 3.44106
14.0727 3.11105
15.2035 3.68464
14.4803 3.30098
14.682 3.46813
14.0527 3.13551
15.1792 3.71333
14.4585 3.32666
14.6598 3.49507
14.0326 3.15986
15.1547 3.74187
14.4365 3.35221
14.6374 3.52188
14.0123 3.18409
15.13 3.77028
14.4143 3.37763
14.6148 3.54857
13.9919 3.20821
15.1052 3.79854
14.392 3.40293
14.5921 3.57513
13.9713 3.23221
15.0802 3.82665
14.3695 3.4281
14.5692 3.60157
13.9506 3.2561
15.0551 3.85463
14.3469 3.45313
14.5462 3.62787
13.9297 3.27987
15.0297 3.88245
14.3241 3.47804
14.523 3.65404
13.9087 3.30352
15.0042 3.91013
14.3012 3.50281
14.4996 3.68008
13.8875 3.32705
14.9786 3.93767
14.2781 3.52745
14.4761 3.70599
13.8662 3.35046
14.9527 3.96505
14.2549 3.55196
14.4525 3.73177
13.8448 3.37376
14.9267 3.99229
14.2315 3.57634
14.4287 3.75741
13.8232 3.39693
14.9006 4.01938
14.208 3.60058
14.4047 3.78292
13.8015 3.41998
14.8742 4.04631
14.1843 3.62468
14.3806 3.80829
13.7797 3.4429
14.8477 4.0731
14.1605 3.64865
14.3563 3.83353
13.7577 3.46571
14.8211 4.09973
14.1365 3.67248
14.3319 3.85863
13.7355 3.48839
14.7943 4.12621
14.1124 3.69618
14.3073 3.88359
13.7133 3.51094
14.7673 4.15254
14.0882 3.71974
14.2826 3.90842
13.6909 3.53338
14.7402 4.17872
14.0638 3.74315
14.2577 3.93311
13.6684 3.55568
14.7129 4.20473
14.0392 3.76643
14.2327 3.95766
13.6457 3.57786
14.6854 4.2306
14.0146 3.78957
14.2076 3.98206
13.6229 3.59991
14.6578 4.2563
13.9898 3.81257
14.1823 4.00633
13.6 3.62184
14.6301 4.28185
13.9648 3.83543
14.1568 4.03046
13.577 3.64364
14.6022 4.30724
13.9397 3.85814
14.1313 4.05444
13.5538 3.6653
14.5742 4.33247
13.9145 3.88072
14.1055 4.07828
13.5305 3.68684
14.546 4.35754
13.8892 3.90315
14.0797 4.10198
13.5071 3.70825
14.5176 4.38246
13.8637 3.92543
14.0537 4.12553
13.4835 3.72953
14.4891 4.40721
13.8381 3.94757
14.0275 4.14894
13.4599 3.75068
14.4605 4.4318
13.8124 3.96957
14.0013 4.1722
13.4361 3.7717
14.4317 4.45623
13.7865 3.99142
13.9749 4.19532
13.4122 3.79258
14.4028 4.48049
13.7605 4.01312
13.9483 4.21829
13.3881 3.81333
14.3738 4.5046
13.7344 4.03468
13.9217 4.24112
13.364 3.83395
14.3446 4.52853
13.7082 4.05609
13.8949 4.26379
13.3397 3.85443
14.3153 4.55231
13.6818 4.07736
13.8679 4.28632
13.3153 3.87478
14.2858 4.57592
13.6553 4.09847
13.8409 4.3087
13.2908 3.895
14.2562 4.59936
13.6287 4.11944
13.8137 4.33092
13.2662 3.91507
14.2265 4.62264
13.602 4.14025
13.7864 4.353
13.2414 3.93502
14.1966 4.64575
13.5751 4.16092
13.759 4.37493
13.2166 3.95482
14.1666 4.66869
13.5482 4.18143
13.7314 4.39671
13.1916 3.97449
14.1365 4.69147
13.5211 4.2018
13.7037 4.41833
13.1665 3.99402
14.1062 4.71407
13.4939 4.22201
13.6759 4.4398
13.1413 4.01342
14.0758 4.73651
13.4666 4.24207
13.648 4.46112
13.1161 4.03267
14.0453 4.75878
13.4392 4.26198
13.6199 4.48229
13.0907 4.05179
14.0147 4.78088
13.4117 4.28174
13.5918 4.5033
13.0651 4.07077
13.9839 4.8028
13.384 4.30134
13.5635 4.52416
13.0395 4.08961
13.953 4.82456
13.3563 4.3208
13.5351 4.54486
13.0138 4.1083
13.922 4.84614
13.3284 4.34009
13.5066 4.5654
12.988 4.12686
13.8909 4.86756
13.3004 4.35923
13.4779 4.58579
12.962 4.14527
13.8597 4.8888
13.2724 4.37822
13.4492 4.60603
12.936 4.16355
13.8283 4.90986
13.2442 4.39705
13.4203 4.62611
12.9099 4.18168
13.7969 4.93076
13.2159 4.41573
13.3914 4.64603
12.8837 4.19967
13.7653 4.95148
13.1876 4.43425
13.3623 4.66579
12.8573 4.21751
13.7336 4.97202
13.1591 4.45261
13.3331 4.68539
12.8309 4.23522
13.7018 4.99239
13.1305 4.47081
13.3038 4.70484
12.8044 4.25278
13.6699 5.01259
13.1018 4.48886
13.2744 4.72412
12.7778 4.27019
13.6379 5.03261
13.0731 4.50675
13.2449 4.74325
12.751 4.28746
13.6057 5.05245
13.0442 4.52449
13.2153 4.76222
12.7242 4.30459
13.5735 5.07212
13.0152 4.54206
13.1856 4.78102
12.6973 4.32157
13.5412 5.09161
12.9862 4.55948
13.1558 4.79967
12.6703 4.33841
13.5087 5.11093
12.957 4.57674
13.1259 4.81815
12.6433 4.3551
13.4762 5.13007
12.9278 4.59384
13.0959 4.83648
12.6161 4.37164
13.4435 5.14903
12.8985 4.61077
13.0658 4.85464
12.5888 4.38804
13.4108 5.16781
12.869 4.62755
13.0356 4.87264
12.5615 4.40429
13.3779 5.18641
12.8395 4.64417
13.0053 4.89047
12.534 4.42039
13.345 5.20483
12.81 4.66063
12.9749 4.90815
12.5065 4.43634
13.312 5.22308
12.7803 4.67693
12.9444 4.92566
12.4789 4.45215
13.2788 5.24114
12.7505 4.69307
12.9139 4.943
12.4512 4.46781
13.2456 5.25903
12.7207 4.70904
12.8832 4.96019
12.4235 4.48332
13.2123 5.27674
12.6908 4.72486
12.8525 4.9772
12.3956 4.49869
13.1789 5.29426
12.6608 4.74051
12.8216 4.99406
12.3677 4.5139
13.1454 5.31161
12.6307 4.756
12.7907 5.01075
12.3397 4.52896
13.1119 5.32878
12.6005 4.77133
12.7597 5.02727
12.3116 4.54388
13.0782 5.34576
12.5703 4.78649
12.7286 5.04363
12.2835 4.55864
13.0445 5.36256
12.54 4.8015
12.6974 5.05982
12.2552 4.57326
13.0106 5.37918
12.5096 4.81634
12.6661 5.07585
12.2269 4.58772
12.9767 5.39562
12.4792 4.83102
12.6348 5.09171
12.1985 4.60204
12.9427 5.41188
12.4486 4.84553
12.6034 5.1074
12.1701 4.6162
12.9087 5.42796
12.418 4.85988
12.5718 5.12293
12.1416 4.63022
12.8745 5.44385
12.3874 4.87407
12.5403 5.13829
12.113 4.64408
12.8403 5.45957
12.3566 4.8881
12.5086 5.15348
12.0843 4.65779
12.806 5.47509
12.3258 4.90196
12.4769 5.1685
12.0556 4.67135
12.7716 5.49044
12.295 4.91566
12.4451 5.18336
12.0268 4.68475
12.7372 5.50561
12.264 4.92919
12.4132 5.19805
11.9979 4.69801
12.7027 5.52059
12.2331 4.94256
12.3812 5.21257
11.969 4.71111
12.6681 5.53538
12.202 4.95576
12.3492 5.22692
11.94 4.72406
12.6335 5.55
12.1709 4.9688
12.3171 5.24111
11.9109 4.73686
12.5987 5.56443
12.1397 4.98168
12.285 5.25512
11.8818 4.74951
12.564 5.57868
12.1085 4.99439
12.2527 5.26897
11.8526 4.762
12.5291 5.59274
12.0772 5.00693
12.2204 5.28265
11.8234 4.77434
12.4942 5.60662
12.0458 5.01932
12.1881 5.29615
11.7941 4.78653
12.4592 5.62031
12.0144 5.03153
12.1557 5.30949
11.7648 4.79856
12.4242 5.63383
11.983 5.04358
12.1232 5.32266
11.7353 4.81044
12.3891 5.64715
11.9515 5.05547
12.0906 5.33566
11.7059 4.82217
12.354 5.6603
11.9199 5.06719
12.058 5.34849
11.6764 4.83374
12.3188 5.67326
11.8883 5.07875
12.0254 5.36115
11.6468 4.84516
12.2835 5.68603
11.8567 5.09014
11.9926 5.37364
11.6172 4.85643
12.2482 5.69862
11.825 5.10137
11.9599 5.38596
11.5875 4.86754
12.2128 5.71103
11.7932 5.11243
11.927 5.39811
11.5578 4.8785
12.1774 5.72325
11.7614 5.12332
11.8941 5.41009
11.528 4.8893
12.1419 5.73529
11.7296 5.13405
11.8612 5.4219
11.4982 4.89995
12.1064 5.74715
11.6977 5.14462
11.8282 5.43354
11.4683 4.91045
12.0709 5.75882
11.6657 5.15502
11.7951 5.44501
11.4384 4.92079
12.0352 5.7703
11.6338 5.16525
11.7621 5.4563
11.4084 4.93097
11.9996 5.7816
11.6018 5.17532
11.7289 5.46743
11.3784 4.94101
11.9639 5.79272
11.5697 5.18523
11.6957 5.47839
11.3484 4.95089
11.9281 5.80365
11.5376 5.19497
11.6625 5.48917
11.3183 4.96061
11.8924 5.8144
11.5055 5.20454
11.6292 5.49979
11.2882 4.97018
11.8565 5.82496
11.4734 5.21395
11.5959 5.51023
11.258 4.97959
11.8207 5.83534
11.4412 5.22319
11.5625 5.5205
11.2278 4.98885
11.7848 5.84554
11.409 5.23227
11.5291 5.5306
11.1976 4.99796
11.7488 5.85555
11.3767 5.24118
11.4956 5.54053
11.1673 5.00691
11.7129 5.86537
11.3444 5.24993
11.4621 5.55029
11.137 5.0157
11.6769 5.87502
11.3121 5.25852
11.4286 5.55988
11.1066 5.02435
11.6408 5.88448
11.2798 5.26694
11.3951 5.5693
11.0763 5.03283
11.6048 5.89375
11.2474 5.27519
11.3614 5.57854
11.0458 5.04116
11.5687 5.90284
11.215 5.28328
11.3278 5.58762
11.0154 5.04934
11.5325 5.91175
11.1826 5.29121
11.2941 5.59652
10.9849 5.05737
11.4964 5.92048
11.1501 5.29897
11.2604 5.60525
10.9544 5.06523
11.4602 5.92902
11.1176 5.30656
11.2267 5.61382
10.9239 5.07295
11.424 5.93738
11.0852 5.314
11.1929 5.62221
10.8933 5.08051
11.3877 5.94555
11.0526 5.32127
11.1591 5.63043
10.8627 5.08791
11.3515 5.95354
11.0201 5.32837
11.1253 5.63848
10.8321 5.09516
11.3152 5.96135
10.9876 5.33531
11.0915 5.64636
10.8015 5.10226
11.2789 5.96898
10.955 5.34209
11.0576 5.65407
10.7708 5.1092
11.2426 5.97642
10.9224 5.3487
11.0237 5.6616
10.7401 5.11599
11.2063 5.98369
10.8898 5.35515
10.9897 5.66897
10.7094 5.12262
11.1699 5.99076
10.8572 5.36144
10.9558 5.67617
10.6787 5.1291
11.1336 5.99766
10.8246 5.36756
10.9218 5.6832
10.648 5.13543
11.0972 6.00438
10.7919 5.37353
10.8878 5.69005
10.6172 5.1416
11.0608 6.01091
10.7593 5.37932
10.8538 5.69674
10.5864 5.14762
11.0244 6.01726
10.7266 5.38496
10.8198 5.70325
10.5556 5.15348
10.988 6.02343
10.6939 5.39043
10.7857 5.7096
10.5248 5.15919
10.9515 6.02942
10.6612 5.39575
10.7517 5.71578
10.494 5.16475
10.9151 6.03523
10.6286 5.40089
10.7176 5.72178
10.4632 5.17015
10.8787 6.04086
10.5959 5.40588
10.6835 5.72762
10.4323 5.1754
10.8422 6.04631
10.5632 5.41071
10.6494 5.73329
10.4014 5.1805
10.8058 6.05158
10.5305 5.41537
10.6153 5.73879
10.3706 5.18544
10.7693 6.05666
10.4978 5.41988
10.5811 5.74412
10.3397 5.19024
10.7328 6.06157
10.465 5.42422
10.547 5.74928
10.3088 5.19487
10.6964 6.0663
10.4323 5.4284
10.5129 5.75427
10.2779 5.19936
10.6599 6.07085
10.3996 5.43242
10.4787 5.75909
10.247 5.20369
10.6234 6.07522
10.3669 5.43629
10.4445 5.76375
10.2161 5.20788
10.587 6.07941
10.3342 5.43999
10.4104 5.76823
10.1851 5.2119
10.5505 6.08342
10.3015 5.44353
10.3762 5.77255
10.1542 5.21578
10.5141 6.08726
10.2688 5.44691
10.342 5.7767
10.1233 5.21951
10.4776 6.09091
10.2361 5.45013
10.3078 5.78068
10.0924 5.22308
10.4412 6.09439
10.2034 5.4532
10.2736 5.7845
10.0614 5.2265
10.4047 6.09769
10.1707 5.4561
10.2394 5.78814
10.0305 5.22977
10.3683 6.10082
10.1381 5.45885
10.2053 5.79162
9.99958 5.23289
10.3319 6.10376
10.1054 5.46144
10.1711 5.79493
9.96865 5.23586
10.2955 6.10654
10.0727 5.46387
10.1369 5.79808
9.93772 5.23868
10.2591 6.10913
10.0401 5.46614
10.1027 5.80106
9.9068 5.24135
10.2227 6.11155
10.0075 5.46826
10.0685 5.80387
9.87588 5.24387
10.1863 6.11379
9.97484 5.47022
10.0344 5.80652
9.84496 5.24623
10.1499 6.11586
9.94223 5.47202
10.0002 5.809
9.81406 5.24845
10.1136 6.11775
9.90964 5.47366
9.96605 5.81131
9.78315 5.25052
10.0773 6.11947
9.87706 5.47515
9.9319 5.81346
9.75226 5.25243
10.0409 6.12102
9.8445 5.47648
9.89776 5.81545
9.72137 5.2542
10.0046 6.12239
9.81195 5.47766
9.86363 5.81727
9.6905 5.25582
9.96837 6.12358
9.77942 5.47868
9.82952 5.81892
9.65963 5.25729
9.93212 6.12461
9.74692 5.47955
9.79541 5.82041
9.62878 5.25862
9.89589 6.12546
9.71443 5.48026
9.76132 5.82174
9.59794 5.25979
9.85968 6.12613
9.68196 5.48082
9.72724 5.8229
9.56711 5.26082
9.82349 6.12664
9.64951 5.48123
9.69317 5.8239
9.53629 5.26169
9.78733 6.12697
9.61709 5.48148
9.65913 5.82473
9.50549 5.26242
9.75119 6.12714
9.58469 5.48157
9.6251 5.8254
9.4747 5.26301
9.71508 6.12713
9.55232 5.48152
9.59108 5.82591
9.44394 5.26344
9.679 6.12695
9.51997 5.48131
9.55709 5.82626
9.41318 5.26373
9.64295 6.1266
9.48764 5.48095
9.52311 5.82644
9.38245 5.26387
9.60692 6.12608
9.45535 5.48044
9.48916 5.82646
9.35174 5.26387
9.57093 6.12539
9.42308 5.47977
9.45523 5.82632
9.32104 5.26372
9.53497 6.12453
9.39084 5.47896
9.42132 5.82602
9.29037 5.26342
9.49904 6.1235
9.35863 5.47799
9.38743 5.82556
9.25971 5.26298
9.46314 6.12231
9.32645 5.47687
9.35357 5.82494
9.22908 5.2624
9.42728 6.12094
9.2943 5.4756
9.31973 5.82416
9.19847 5.26166
9.39145 6.11941
9.26218 5.47419
9.28592 5.82321
9.16789 5.26079
9.35566 6.11771
9.2301 5.47262
9.25213 5.82211
9.13733 5.25977
9.31991 6.11585
9.19805 5.4709
9.21838 5.82085
9.1068 5.2586
9.28419 6.11382
9.16603 5.46904
9.18465 5.81942
9.07629 5.2573
9.24851 6.11162
9.13405 5.46703
9.15095 5.81784
9.04581 5.25584
9.21288 6.10926
9.10211 5.46487
9.11728 5.8161
9.01536 5.25425
9.17728 6.10673
9.0702 5.46256
9.08365 5.81421
8.98494 5.25251
9.14173 6.10404
9.03834 5.4601
9.05004 5.81215
8.95454 5.25063
9.10621 6.10118
9.00651 5.4575
9.01647 5.80994
8.92418 5.24861
9.07074 6.09816
8.97472 5.45475
8.98293 5.80757
8.89385 5.24645
9.03532 6.09498
8.94297 5.45186
8.94943 5.80504
8.86355 5.24414
8.99994 6.09163
8.91126 5.44882
8.91597 5.80236
8.83328 5.24169
8.96461 6.08812
8.87959 5.44564
8.88254 5.79952
8.80304 5.23911
8.92932 6.08445
8.84797 5.44231
8.84915 5.79653
8.77284 5.23638
8.89408 6.08062
8.81638 5.43883
8.81579 5.79338
8.74268 5.23351
8.85889 6.07662
8.78485 5.43521
8.78248 5.79007
8.71255 5.2305
8.82375 6.07247
8.75336 5.43145
8.74921 5.78661
8.68246 5.22735
8.78866 6.06816
8.72191 5.42755
8.71597 5.783
8.6524 5.22407
8.75362 6.06368
8.69051 5.4235
8.68278 5.77923
8.62238 5.22064
8.71863 6.05905
8.65916 5.41931
8.64963 5.77531
8.5924 5.21708
8.6837 6.05426
8.62785 5.41498
8.61653 5.77124
8.56246 5.21337
8.64882 6.04931
8.5966 5.41051
8.58347 5.76701
8.53256 5.20953
8.61399 6.0442
8.56539 5.4059
8.55045 5.76263
8.50271 5.20556
8.57922 6.03893
8.53423 5.40114
8.51748 5.7581
8.47289 5.20144
8.54451 6.03351
8.50313 5.39625
8.48455 5.75342
8.44312 5.19719
8.50985 6.02793
8.47207 5.39121
8.45168 5.74859
8.41338 5.1928
8.47525 6.0222
8.44107 5.38604
8.41885 5.74361
8.3837 5.18828
8.44071 6.01631
8.41012 5.38073
8.38607 5.73847
8.35405 5.18362
8.40623 6.01026
8.37923 5.37528
8.35334 5.73319
8.32446 5.17882
8.37181 6.00407
8.34839 5.36969
8.32066 5.72776
8.29491 5.17389
8.33745 5.99771
8.3176 5.36397
8.28803 5.72218
8.2654 5.16883
8.30315 5.99121
8.28687 5.3581
8.25546 5.71644
8.23594 5.16363
8.26891 5.98455
8.2562 5.3521
8.22294 5.71057
8.20654 5.1583
8.23474 5.97774
8.22558 5.34597
8.19047 5.70454
8.17718 5.15283
8.20063 5.97077
8.19503 5.3397
8.15805 5.69837
8.14786 5.14724
8.16658 5.96366
8.16453 5.33329
8.12569 5.69205
8.1186 5.14151
8.13261 5.95639
8.13409 5.32675
8.09339 5.68558
8.08939 5.13564
8.09869 5.94898
8.10371 5.32008
8.06114 5.67897
8.06024 5.12965
8.06485 5.94141
8.07339 5.31327
8.02895 5.67221
8.03113 5.12352
8.03107 5.93369
8.04313 5.30633
7.99682 5.6653
8.00208 5.11726
7.99736 5.92583
8.01293 5.29925
7.96475 5.65826
7.97308 5.11088
7.96372 5.91782
7.9828 5.29205
7.93274 5.65106
7.94413 5.10436
7.93015 5.90966
7.95273 5.28471
7.90079 5.64373
7.91524 5.09771
7.89665 5.90135
7.92272 5.27724
7.86889 5.63625
7.88641 5.09093
7.86322 5.8929
7.89278 5.26963
7.83707 5.62863
7.85763 5.08403
7.82987 5.8843
7.8629 5.2619
7.8053 5.62086
7.8289 5.07699
7.79659 5.87555
7.83309 5.25404
7.7736 5.61295
7.80024 5.06983
7.76338 5.86666
7.80335 5.24605
7.74196 5.60491
7.77163 5.06254
7.73024 5.85762
7.77367 5.23793
7.71038 5.59672
7.74309 5.05512
7.69718 5.84844
7.74406 5.22968
7.67887 5.58839
7.7146 5.04758
7.6642 5.83912
7.71451 5.2213
7.64743 5.57991
7.68617 5.03991
7.63129 5.82965
7.68504 5.21279
7.61605 5.5713
7.6578 5.03211
7.59846 5.82004
7.65564 5.20416
7.58474 5.56256
7.62949 5.02419
7.5657 5.81029
7.6263 5.1954
7.5535 5.55367
7.60125 5.01614
7.53303 5.8004
7.59704 5.18652
7.52233 5.54464
7.57307 5.00797
7.50043 5.79037
7.56785 5.17751
7.49123 5.53548
7.54495 4.99967
7.46791 5.78019
7.53872 5.16837
7.46019 5.52617
7.51689 4.99125
7.43548 5.76988
7.50968 5.15911
7.42923 5.51674
7.4889 4.9827
7.40312 5.75943
7.4807 5.14972
7.39834 5.50716
7.46097 4.97403
7.37084 5.74883
7.4518 5.14022
7.36752 5.49745
7.43311 4.96524
7.33865 5.73811
7.42297 5.13058
7.33678 5.4876
7.40531 4.95633
7.30654 5.72724
7.39421 5.12083
7.3061 5.47762
7.37759 4.9473
7.27452 5.71623
7.36554 5.11095
7.27551 5.46751
7.34992 4.93814
7.24257 5.70509
7.33693 5.10095
7.24498 5.45726
7.32233 4.92886
7.21072 5.69382
7.30841 5.09083
7.21453 5.44688
7.29481 4.91947
7.17894 5.6824
7.27996 5.08059
7.18416 5.43636
7.26735 4.90995
7.14726 5.67086
7.25158 5.07023
7.15387 5.42571
7.23996 4.90031
7.11566 5.65918
7.22329 5.05975
7.12365 5.41493
7.21264 4.89056
7.08414 5.64736
7.19507 5.04915
7.09351 5.40402
7.1854 4.88068
7.05272 5.63541
7.16693 5.03843
7.06344 5.39297
7.15822 4.87069
7.02138 5.62333
7.13887 5.02759
7.03346 5.3818
7.13112 4.86058
6.99013 5.61112
7.1109 5.01663
7.00356 5.3705
7.10409 4.85035
6.95897 5.59877
7.083 5.00556
6.97374 5.35906
7.07713 4.84001
6.9279 5.5863
7.05518 4.99437
6.94399 5.3475
7.05024 4.82955
6.89692 5.57369
7.02744 4.98307
6.91433 5.33581
7.02343 4.81897
6.86603 5.56096
6.99979 4.97164
6.88475 5.32399
6.99669 4.80828
6.83524 5.54809
6.97222 4.96011
6.85526 5.31204
6.97003 4.79747
6.80453 5.5351
6.94473 4.94845
6.82584 5.29997
6.94344 4.78655
6.77392 5.52198
6.91733 4.93669
6.79651 5.28777
6.91693 4.77551
6.7434 5.50873
6.89001 4.92481
6.76727 5.27545
6.8905 4.76436
6.71298 5.49535
6.86277 4.91282
6.73811 5.26299
6.86414 4.7531
6.68265 5.48185
6.83562 4.90071
6.70904 5.25042
6.83786 4.74173
6.65241 5.46822
6.80855 4.88849
6.68005 5.23772
6.81166 4.73024
6.62228 5.45446
6.78157 4.87616
6.65115 5.22489
6.78554 4.71864
6.59223 5.44058
6.75468 4.86372
6.62233 5.21194
6.75949 4.70693
6.56228 5.42658
6.72787 4.85117
6.59361 5.19887
6.73353 4.69511
6.53243 5.41245
6.70115 4.83851
6.56497 5.18568
6.70764 4.68317
6.50268 5.3982
6.67452 4.82574
6.53642 5.17236
6.68184 4.67113
6.47303 5.38383
6.64797 4.81285
6.50796 5.15893
6.65611 4.65898
6.44347 5.36934
6.62152 4.79987
6.47959 5.14537
6.63047 4.64672
6.41401 5.35472
6.59515 4.78677
6.45131 5.13169
6.60491 4.63435
6.38466 5.33999
6.56887 4.77356
6.42312 5.11789
6.57943 4.62187
6.3554 5.32513
6.54268 4.76025
6.39502 5.10397
6.55404 4.60929
6.32624 5.31015
6.51659 4.74683
6.36702 5.08994
6.52873 4.5966
6.29719 5.29506
6.49058 4.7333
6.3391 5.07578
6.5035 4.5838
6.26823 5.27984
6.46466 4.71967
6.31128 5.06151
6.47836 4.57089
6.23938 5.26451
6.43884 4.70594
6.28356 5.04712
6.4533 4.55788
6.21063 5.24906
6.41311 4.6921
6.25592 5.03262
6.42833 4.54477
6.18198 5.2335
6.38747 4.67815
6.22839 5.01799
6.40344 4.53155
6.15344 5.21782
6.36192 4.6641
6.20094 5.00326
6.37864 4.51822
6.125 5.20202
6.33647 4.64995
6.1736 4.9884
6.35392 4.50479
6.09666 5.18611
6.31111 4.6357
6.14635 4.97344
6.32929 4.49126
6.06843 5.17008
6.28584 4.62134
6.11919 4.95836
6.30475 4.47763
6.0403 5.15394
6.26067 4.60689
6.09213 4.94316
6.2803 4.46389
6.01228 5.13768
6.2356 4.59233
6.06517 4.92785
6.25593 4.45005
5.98437 5.12132
6.21061 4.57767
6.03831 4.91243
6.23166 4.43611
5.95656 5.10484
6.18573 4.56291
6.01155 4.8969
6.20747 4.42207
5.92886 5.08825
6.16094 4.54805
5.98488 4.88126
6.18338 4.40793
5.90126 5.07155
6.13625 4.53309
5.95832 4.8655
6.15937 4.39369
5.87378 5.05473
6.11165 4.51804
5.93185 4.84964
6.13545 4.37935
5.8464 5.03781
6.08715 4.50289
5.90549 4.83366
6.11162 4.36491
5.81913 5.02078
6.06275 4.48764
5.87922 4.81758
6.08789 4.35037
5.79197 5.00364
6.03844 4.47229
5.85306 4.80139
6.06425 4.33573
5.76492 4.98639
6.01424 4.45684
5.827 4.78509
6.0407 4.321
5.73797 4.96903
5.99013 4.4413
5.80104 4.76868
6.01724 4.30617
5.71114 4.95157
5.96612 4.42567
5.77518 4.75216
5.99387 4.29124
5.68442 4.934
5.94221 4.40994
5.74943 4.73554
5.9706 4.27622
5.65781 4.91633
5.9184 4.39411
5.72378 4.71881
5.94742 4.2611
5.63131 4.89855
5.89469 4.3782
5.69823 4.70198
5.92433 4.24588
5.60493 4.88066
5.87108 4.36218
5.67279 4.68504
5.90134 4.23058
5.57865 4.86267
5.84757 4.34608
5.64745 4.668
5.87845 4.21517
5.55249 4.84458
5.82417 4.32988
5.62222 4.65085
5.85565 4.19968
5.52644 4.82638
5.80086 4.31359
5.59709 4.6336
5.83294 4.18409
5.50051 4.80808
5.77766 4.29721
5.57207 4.61625
5.81033 4.16841
5.47468 4.78968
5.75455 4.28074
5.54715 4.5988
5.78782 4.15263
5.44898 4.77118
5.73155 4.26418
5.52235 4.58124
5.7654 4.13677
5.42338 4.75258
5.70865 4.24753
5.49765 4.56358
5.74308 4.12081
5.3979 4.73388
5.68586 4.23079
5.47305 4.54583
5.72086 4.10476
5.37254 4.71507
5.66317 4.21397
5.44857 4.52797
5.69873 4.08862
5.34729 4.69617
5.64058 4.19705
5.42419 4.51001
5.67671 4.07239
5.32216 4.67717
5.6181 4.18005
5.39992 4.49195
5.65478 4.05608
5.29714 4.65808
5.59571 4.16295
5.37576 4.4738
5.63295 4.03967
5.27224 4.63888
5.57344 4.14578
5.35171 4.45554
5.61122 4.02318
5.24746 4.61959
5.55127 4.12851
5.32777 4.43719
5.58959 4.0066
5.22279 4.6002
5.5292 4.11116
5.30394 4.41875
5.56806 3.98993
5.19825 4.58072
5.50724 4.09373
5.28022 4.4002
5.54662 3.97317
5.17381 4.56114
5.48539 4.07621
5.25661 4.38156
5.52529 3.95633
5.1495 4.54147
5.46364 4.05861
5.23312 4.36283
5.50406 3.9394
5.12531 4.5217
5.442 4.04092
5.20973 4.344
5.48293 3.92239
5.10123 4.50184
5.42046 4.02315
5.18646 4.32508
5.46191 3.90529
5.07728 4.48189
5.39903 4.0053
5.1633 4.30606
5.44098 3.88811
5.05344 4.46184
5.37771 3.98736
5.14025 4.28695
5.42016 3.87085
5.02972 4.44171
5.35649 3.96935
5.11732 4.26775
5.39944 3.8535
5.00613 4.42148
5.33538 3.95125
5.0945 4.24846
5.37882 3.83606
4.98265 4.40116
5.31439 3.93307
5.07179 4.22907
5.3583 3.81855
4.95929 4.38075
5.29349 3.91481
5.0492 4.2096
5.33789 3.80095
4.93606 4.36026
5.27271 3.89648
5.02672 4.19003
5.31758 3.78328
4.91294 4.33967
5.25204 3.87806
5.00435 4.17037
5.29737 3.76552
4.88995 4.319
5.23147 3.85957
4.98211 4.15063
5.27727 3.74768
4.86708 4.29823
5.21101 3.84099
4.95997 4.13079
5.25728 3.72976
4.84433 4.27739
5.19067 3.82234
4.93796 4.11087
5.23739 3.71176
4.82171 4.25645
5.17043 3.80361
4.91606 4.09086
5.2176 3.69369
4.7992 4.23543
5.1503 3.78481
4.89427 4.07077
5.19792 3.67553
4.77682 4.21432
5.13029 3.76593
4.8726 4.05058
5.17834 3.6573
4.75457 4.19313
5.11038 3.74697
4.85105 4.03032
5.15887 3.63899
4.73243 4.17185
5.09058 3.72794
4.82962 4.00996
5.13951 3.6206
4.71042 4.15049
5.0709 3.70884
4.80831 3.98952
5.12025 3.60214
4.68854 4.12905
5.05133 3.68966
4.78711 3.969
5.1011 3.5836
4.66678 4.10753
5.03186 3.67041
4.76603 3.94839
5.08206 3.56498
4.64514 4.08592
5.01251 3.65108
4.74507 3.9277
5.06313 3.54629
4.62363 4.06423
4.99327 3.63168
4.72423 3.90693
5.0443 3.52753
4.60224 4.04246
4.97415 3.61221
4.70351 3.88607
5.02558 3.50869
4.58098 4.02061
4.95513 3.59267
4.68291 3.86514
5.00697 3.48978
4.55984 3.99868
4.93623 3.57306
4.66242 3.84412
4.98846 3.47079
4.53883 3.97667
4.91744 3.55338
4.64206 3.82302
4.97007 3.45173
4.51795 3.95458
4.89876 3.53362
4.62182 3.80184
4.95178 3.4326
4.49719 3.93242
4.8802 3.5138
4.6017 3.78059
4.9336 3.4134
4.47656 3.91017
4.86175 3.49391
4.5817 3.75925
4.91554 3.39413
4.45605 3.88785
4.84341 3.47395
4.56182 3.73784
4.89758 3.37479
4.43568 3.86545
4.82519 3.45392
4.54207 3.71634
4.87973 3.35538
4.41543 3.84298
4.80708 3.43382
4.52243 3.69478
4.86199 3.33589
4.3953 3.82043
4.78909 3.41366
4.50292 3.67313
4.84437 3.31634
4.37531 3.79781
4.7712 3.39343
4.48353 3.65141
4.82685 3.29672
4.35544 3.77511
4.75344 3.37313
4.46426 3.62961
4.80944 3.27703
4.3357 3.75234
4.73579 3.35277
4.44511 3.60774
4.79215 3.25728
4.31609 3.72949
4.71825 3.33235
4.42609 3.58579
4.77497 3.23746
4.29661 3.70658
4.70083 3.31186
4.40719 3.56377
4.75789 3.21757
4.27726 3.68359
4.68353 3.2913
4.38842 3.54167
4.74093 3.19761
4.25803 3.66053
4.66634 3.27068
4.36977 3.51951
4.72409 3.17759
4.23894 3.63739
4.64926 3.25
4.35124 3.49727
4.70735 3.1575
4.21997 3.61419
4.6323 3.22925
4.33284 3.47496
4.69073 3.13735
4.20114 3.59092
4.61546 3.20845
4.31456 3.45257
4.67422 3.11714
4.18243 3.56758
4.59873 3.18758
4.29641 3.43012
4.65782 3.09686
4.16385 3.54417
4.58212 3.16665
4.27838 3.4076
4.64154 3.07652
4.14541 3.52069
4.56563 3.14566
4.26048 3.385
4.62536 3.05611
4.12709 3.49714
4.54926 3.12461
4.2427 3.36234
4.60931 3.03565
4.10891 3.47353
4.533 3.1035
4.22505 3.33961
4.59336 3.01512
4.09086 3.44985
4.51685 3.08233
4.20753 3.31681
4.57753 2.99453
4.07293 3.4261
4.50083 3.0611
4.19013 3.29395
4.56182 2.97388
4.05514 3.40229
4.48492 3.03981
4.17286 3.27101
4.54622 2.95317
4.03748 3.37841
4.46913 3.01847
4.15571 3.24801
4.53073 2.9324
4.01995 3.35447
4.45346 2.99706
4.1387 3.22495
4.51536 2.91157
4.00256 3.33047
4.43791 2.97561
4.12181 3.20182
4.5001 2.89068
3.98529 3.3064
4.42247 2.95409
4.10504 3.17862
4.48496 2.86973
3.96816 3.28227
4.40715 2.93252
4.08841 3.15536
4.46993 2.84872
3.95116 3.25807
4.39195 2.91089
4.0719 3.13204
4.45502 2.82766
3.93429 3.23382
4.37687 2.88921
4.05552 3.10865
4.44023 2.80654
3.91755 3.2095
4.36191 2.86747
4.03927 3.0852
4.42555 2.78537
3.90095 3.18512
4.34707 2.84568
4.02315 3.06169
4.41098 2.76414
3.88448 3.16068
4.33234 2.82384
4.00715 3.03812
4.39654 2.74285
3.86815 3.13619
4.31774 2.80194
3.99129 3.01449
4.38221 2.72151
3.85194 3.11163
4.30325 2.77999
3.97555 2.99079
4.36799 2.70011
3.83587 3.08702
4.28888 2.75799
3.95994 2.96704
4.3539 2.67866
3.81994 3.06234
4.27464 2.73594
3.94446 2.94323
4.33992 2.65716
3.80414 3.03761
4.26051 2.71384
3.92912 2.91935
4.32605 2.6356
3.78847 3.01282
4.2465 2.69168
3.9139 2.89542
4.31231 2.61399
3.77293 2.98798
4.23261 2.66948
3.89881 2.87143
4.29868 2.59233
3.75753 2.96308
4.21885 2.64722
3.88385 2.84739
4.28517 2.57062
3.74227 2.93812
4.2052 2.62492
3.86902 2.82329
4.27178 2.54885
3.72714 2.91311
4.19167 2.60257
3.85433 2.79913
4.2585 2.52704
3.71214 2.88805
4.17827 2.58016
3.83976 2.77491
4.24535 2.50517
3.69728 2.86293
4.16498 2.55772
3.82533 2.75064
4.23231 2.48326
3.68255 2.83776
4.15182 2.53522
3.81102 2.72632
4.21939 2.46129
3.66796 2.81254
4.13877 2.51268
3.79685 2.70194
4.20659 2.43928
3.65351 2.78726
4.12585 2.49009
3.78281 2.67751
4.1939 2.41722
3.63918 2.76193
4.11305 2.46745
3.7689 2.65303
4.18134 2.39511
3.625 2.73655
4.10037 2.44477
3.75512 2.62849
4.1689 2.37296
3.61095 2.71112
4.08781 2.42204
3.74147 2.6039
4.15657 2.35076
3.59704 2.68564
4.07537 2.39927
3.72796 2.57926
4.14437 2.32851
3.58326 2.66011
4.06305 2.37646
3.71458 2.55457
4.13228 2.30621
3.56962 2.63453
4.05086 2.3536
3.70133 2.52983
4.12031 2.28387
3.55611 2.6089
4.03879 2.3307
3.68821 2.50504
4.10847 2.26149
3.54274 2.58323
4.02684 2.30775
3.67523 2.4802
4.09674 2.23906
3.52951 2.55751
4.01501 2.28477
3.66237 2.45531
4.08513 2.21659
3.51641 2.53174
4.0033 2.26174
3.64966 2.43037
4.07364 2.19407
3.50345 2.50592
3.99172 2.23867
3.63707 2.40539
4.06228 2.17151
3.49063 2.48006
3.98025 2.21556
3.62462 2.38035
4.05103 2.14891
3.47794 2.45415
3.96891 2.19241
3.6123 2.35527
4.03991 2.12627
3.46539 2.4282
3.9577 2.16922
3.60012 2.33015
4.0289 2.10358
3.45298 2.4022
3.9466 2.14599
3.58807 2.30498
4.01802 2.08086
3.44071 2.37616
3.93563 2.12272
3.57615 2.27976
4.00726 2.05809
3.42857 2.35007
3.92478 2.09941
3.56437 2.2545
3.99661 2.03528
3.41657 2.32394
3.91405 2.07606
3.55272 2.2292
3.98609 2.01244
3.40471 2.29778
3.90345 2.05268
3.5412 2.20385
3.97569 1.98955
3.39298 2.27156
3.89297 2.02926
3.52982 2.17846
3.96542 1.96663
3.38139 2.24531
3.88261 2.0058
3.51858 2.15303
3.95526 1.94366
3.36994 2.21902
3.87238 1.98231
3.50747 2.12755
3.94522 1.92066
3.35863 2.19268
3.86227 1.95878
3.49649 2.10204
3.93531 1.89763
3.34746 2.16631
3.85228 1.93521
3.48565 2.07648
3.92552 1.87455
3.33642 2.1399
3.84242 1.91161
3.47494 2.05088
3.91585 1.85144
3.32553 2.11344
3.83268 1.88798
3.46437 2.02525
3.90631 1.8283
3.31477 2.08695
3.82306 1.86431
3.45394 1.99957
3.89688 1.80511
3.30415 2.06043
3.81357 1.84061
3.44364 1.97386
3.88758 1.7819
3.29367 2.03386
3.8042 1.81687
3.43347 1.9481
3.8784 1.75865
3.28332 2.00726
3.79496 1.7931
3.42344 1.92231
3.86934 1.73536
3.27312 1.98062
3.78584 1.7693
3.41355 1.89648
3.86041 1.71204
3.26305 1.95395
3.77684 1.74547
3.40379 1.87062
3.85159 1.68869
3.25313 1.92724
3.76797 1.72161
3.39417 1.84472
3.84291 1.66531
3.24334 1.90049
3.75922 1.69772
3.38469 1.81878
3.83434 1.64189
3.23369 1.87372
3.7506 1.67379
3.37534 1.79281
3.8259 1.61845
3.22418 1.84691
3.7421 1.64984
3.36612 1.76681
3.81758 1.59497
3.21481 1.82006
3.73372 1.62585
3.35705 1.74077
3.80938 1.57146
3.20558 1.79318
3.72547 1.60184
3.34811 1.71469
3.80131 1.54792
3.19649 1.76627
3.71735 1.5778
3.3393 1.68859
3.79335 1.52435
3.18754 1.73933
3.70934 1.55373
3.33064 1.66245
3.78553 1.50075
3.17872 1.71236
3.70147 1.52963
3.32211 1.63628
3.77782 1.47713
3.17005 1.68536
3.69372 1.50551
3.31371 1.61007
3.77025 1.45347
3.16152 1.65832
3.68609 1.48136
3.30546 1.58384
3.76279 1.42979
3.15312 1.63126
3.67859 1.45718
3.29734 1.55758
3.75546 1.40608
3.14487 1.60417
3.67121 1.43298
3.28936 1.53128
3.74825 1.38234
3.13675 1.57705
3.66396 1.40875
3.28151 1.50496
3.74116 1.35858
3.12878 1.5499
3.65683 1.3845
3.27381 1.47861
3.7342 1.33479
3.12094 1.52272
3.64983 1.36022
3.26624 1.45223
3.72737 1.31097
3.11325 1.49552
3.64295 1.33592
3.2588 1.42582
3.72066 1.28713
3.1057 1.46829
3.6362 1.31159
3.25151 1.39939
3.71407 1.26327
3.09828 1.44104
3.62957 1.28724
3.24435 1.37292
3.7076 1.23938
3.09101 1.41375
3.62307 1.26287
3.23733 1.34644
3.70127 1.21547
3.08387 1.38645
3.6167 1.23847
3.23045 1.31992
3.69505 1.19153
3.07688 1.35911
3.61045 1.21406
3.22371 1.29338
3.68896 1.16757
3.07003 1.33176
3.60432 1.18962
3.2171 1.26682
3.68299 1.14359
3.06332 1.30438
3.59832 1.16516
3.21063 1.24023
3.67715 1.11959
3.05674 1.27698
3.59245 1.14068
3.2043 1.21362
3.67144 1.09557
3.05031 1.24955
3.5867 1.11618
3.19811 1.18699
3.66585 1.07152
3.04402 1.2221
3.58108 1.09166
3.19206 1.16033
3.66038 1.04746
3.03787 1.19464
3.57558 1.06712
3.18614 1.13365
3.65504 1.02337
3.03186 1.16715
3.57021 1.04257
3.18037 1.10695
3.64982 0.999268
3.02599 1.13964
3.56497 1.01799
3.17473 1.08023
3.64473 0.975145
3.02027 1.1121
3.55985 0.993398
3.16923 1.05349
3.63976 0.951004
3.01468 1.08455
3.55486 0.968787
3.16387 1.02672
3.63492 0.926844
3.00923 1.05698
3.54999 0.944159
3.15864 0.999943
3.6302 0.902667
3.00393 1.0294
3.54525 0.919514
3.15356 0.973142
3.62561 0.878473
2.99876 1.00179
3.54063 0.894853
3.14861 0.946323
3.62115 0.854262
2.99374 0.974165
3.53615 0.870177
3.14381 0.919485
3.6168 0.830036
2.98886 0.946523
3.53178 0.845485
3.13914 0.892631
3.61259 0.805793
2.98412 0.918865
3.52755 0.820778
3.13461 0.865759
3.6085 0.781535
2.97952 0.891191
3.52343 0.796057
3.13022 0.838871
3.60453 0.757262
2.97506 0.863501
3.51945 0.771323
3.12597 0.811967
3.60069 0.732975
2.97074 0.835795
3.51559 0.746574
3.12185 0.785048
3.59698 0.708674
2.96656 0.808075
3.51186 0.721813
3.11788 0.758114
3.59339 0.68436
2.96253 0.780341
3.50825 0.697038
3.11405 0.731165
3.58993 0.660033
2.95864 0.752593
3.50477 0.672252
3.11035 0.704203
3.58659 0.635693
2.95488 0.724832
3.50142 0.647454
3.10679 0.677227
3.58338 0.611342
2.95127 0.697058
3.49819 0.622644
3.10338 0.650238
3.5803 0.586978
2.9478 0.669272
3.49509 0.597824
3.1001 0.623237
3.57734 0.562604
2.94447 0.641474
3.49212 0.572993
3.09696 0.596225
3.5745 0.538219
2.94129 0.613664
3.48927 0.548152
3.09396 0.569201
3.57179 0.513824
2.93824 0.585844
3.48655 0.523302
3.0911 0.542166
3.56921 0.489419
2.93534 0.558014
3.48395 0.498442
3.08838 0.515121
3.56675 0.465005
2.93258 0.530174
3.48149 0.473574
3.0858 0.488066
3.56442 0.440583
2.92996 0.502324
3.47914 0.448697
3.08336 0.461002
3.56222 0.416152
2.92748 0.474466
3.47693 0.423813
3.08105 0.433929
3.56014 0.391713
2.92514 0.446599
3.47484 0.398921
3.07889 0.406849
3.55818 0.367266
2.92294 0.418725
3.47288 0.374022
3.07687 0.37976
3.55636 0.342813
2.92089 0.390843
3.47104 0.349117
3.07498 0.352664
3.55465 0.318354
2.91898 0.362954
3.46933 0.324205
3.07324 0.325562
3.55308 0.293888
2.9172 0.335059
3.46775 0.299288
3.07163 0.298453
3.55163 0.269417
2.91557 0.307158
3.46629 0.274366
3.07017 0.271339
3.55031 0.24494
2.91409 0.279252
3.46496 0.249439
3.06884 0.24422
3.54911 0.22046
2.91274 0.251341
3.46376 0.224507
3.06765 0.217096
3.54804 0.195974
2.91154 0.223425
3.46268 0.199572
3.06661 0.189968
3.54709 0.171486
2.91047 0.195505
3.46173 0.174633
3.0657 0.162836
3.54627 0.146994
2.90955 0.167582
3.46091 0.149691
3.06493 0.135702
3.54558 0.122499
2.90877 0.139657
3.46021 0.124747
3.0643 0.108564
3.54501 0.098002
2.90813 0.111728
3.45964 0.0997998
3.06382 0.0814251
3.54457 0.0735031
2.90764 0.0837978
3.4592 0.0748514
3.06347 0.0542842
3.54425 0.0490028
2.90728 0.055866
3.45888 0.0499017
3.06326 0.0271424
3.54407 0.0245017
2.90707 0.0279333
3.45869 0.024951
3.06319 -1.07214e-12
3.544 -9.67826e-13
2.907 -1.10338e-12
3.45863 -9.85577e-13
3.06326 -0.0271424
3.54407 -0.0245017
2.90707 -0.0279333
3.45869 -0.024951
3.06347 -0.0542842
3.54425 -0.0490028
2.90728 -0.055866
3.45888 -0.0499017
3.06382 -0.0814251
3.54457 -0.0735031
2.90764 -0.0837978
3.4592 -0.0748514
3.0643 -0.108564
3.54501 -0.098002
2.90813 -0.111728
3.45964 -0.0997998
3.06493 -0.135702
3.54558 -0.122499
2.90877 -0.139657
3.46021 -0.124747
3.0657 -0.162836
3.54627 -0.146994
2.90955 -0.167582
3.46091 -0.149691
3.06661 -0.189968
3.54709 -0.171486
2.91047 -0.195505
3.46173 -0.174633
3.06765 -0.217096
3.54804 -0.195974
2.91154 -0.223425
3.46268 -0.199572
3.06884 -0.24422
3.54911 -0.22046
2.91274 -0.251341
3.46376 -0.224507
3.07017 -0.271339
3.55031 -0.24494
2.91409 -0.279252
3.46496 -0.249439
3.07163 -0.298453
3.55163 -0.269417
2.91557 -0.307158
3.46629 -0.274366
3.07324 -0.325562
3.55308 -0.293888
2.9172 -0.335059
3.46775 -0.299288
3.07498 -0.352664
3.55465 -0.318354
2.91898 -0.362954
3.46933 -0.324205
3.07687 -0.37976
3.55636 -0.342813
2.92089 -0.390843
3.47104 -0.349117
3.07889 -0.406849
3.55818 -0.367266
2.92294 -0.418725
3.47288 -0.374022
3.08105 -0.433929
3.56014 -0.391713
2.92514 -0.446599
3.47484 -0.398921
3.08336 -0.461002
3.56222 -0.416152
2.92748 -0.474466
3.47693 -0.423813
3.0858 -0.488066
3.56442 -0.440583
2.92996 -0.502324
3.47914 -0.448697
3.08838 -0.515121
3.56675 -0.465005
2.93258 -0.530174
3.48149 -0.473574
3.0911 -0.542166
3.56921 -0.489419
2.93534 -0.558014
3.48395 -0.498442
3.09396 -0.569201
3.57179 -0.513824
2.93824 -0.585844
3.48655 -0.523302
3.09696 -0.596225
3.5745 -0.538219
2.94129 -0.613664
3.48927 -0.548152
3.1001 -0.623237
3.57734 -0.562604
2.94447 -0.641474
3.49212 -0.572993
3.10338 -0.650238
3.5803 -0.586978
2.9478 -0.669272
3.49509 -0.597824
3.10679 -0.677227
3.58338 -0.611342
2.95127 -0.697058
3.49819 -0.622644
3.11035 -0.704203
3.58659 -0.635693
2.95488 -0.724832
3.50142 -0.647454
3.11405 -0.731165
3.58993 -0.660033
2.95864 -0.752593
3.50477 -0.672252
3.11788 -0.758114
3.59339 -0.68436
2.96253 -0.780341
3.50825 -0.697038
3.12185 -0.785048
3.59698 -0.708674
2.96656 -0.808075
3.51186 -0.721813
3.12597 -0.811967
3.60069 -0.732975
2.97074 -0.835795
3.51559 -0.746574
3.13022 -0.838871
3.60453 -0.757262
2.97506 -0.863501
3.51945 -0.771323
3.13461 -0.865759
3.6085 -0.781535
2.97952 -0.891191
3.52343 -0.796057
3.13914 -0.892631
3.61259 -0.805793
2.98412 -0.918865
3.52755 -0.820778
3.14381 -0.919485
3.6168 -0.830036
2.98886 -0.946523
3.53178 -0.845485
3.14861 -0.946323
3.62115 -0.854262
2.99374 -0.974165
3.53615 -0.870177
3.15356 -0.973142
3.62561 -0.878473
2.99876 -1.00179
3.54063 -0.894853
3.15864 -0.999943
3.6302 -0.902667
3.00393 -1.0294
3.54525 -0.919514
3.16387 -1.02672
3.63492 -0.926844
3.00923 -1.05698
3.54999 -0.944159
3.16923 -1.05349
3.63976 -0.951004
3.01468 -1.08455
3.55486 -0.968787
3.17473 -1.08023
3.64473 -0.975145
3.02027 -1.1121
3.55985 -0.993398
3.18037 -1.10695
3.64982 -0.999268
3.02599 -1.13964
3.56497 -1.01799
3.18614 -1.13365
3.65504 -1.02337
3.03186 -1.16715
3.57021 -1.04257
3.19206 -1.16033
3.66038 -1.04746
3.03787 -1.19464
3.57558 -1.06712
3.19811 -1.18699
3.66585 -1.07152
3.04402 -1.2221
3.58108 -1.09166
3.2043 -1.21362
3.67144 -1.09557
3.05031 -1.24955
3.5867 -1.11618
3.21063 -1.24023
3.67715 -1.11959
3.05674 -1.27698
3.59245 -1.14068
3.2171 -1.26682
3.68299 -1.14359
3.06332 -1.30438
3.59832 -1.16516
3.22371 -1.29338
3.68896 -1.16757
3.07003 -1.33176
3.60432 -1.18962
3.23045 -1.31992
3.69505 -1.19153
3.07688 -1.35911
3.61045 -1.21406
3.23733 -1.34644
3.70127 -1.21547
3.08387 -1.38645
3.6167 -1.23847
3.24435 -1.37292
3.7076 -1.23938
3.09101 -1.41375
3.62307 -1.26287
3.25151 -1.39939
3.71407 -1.26327
3.09828 -1.44104
3.62957 -1.28724
3.2588 -1.42582
3.72066 -1.28713
3.1057 -1.46829
3.6362 -1.31159
3.26624 -1.45223
3.72737 -1.31097
3.11325 -1.49552
3.64295 -1.33592
3.27381 -1.47861
3.7342 -1.33479
3.12094 -1.52272
3.64983 -1.36022
3.28151 -1.50496
3.74116 -1.35858
3.12878 -1.5499
3.65683 -1.3845
3.28936 -1.53128
3.74825 -1.38234
3.13675 -1.57705
3.66396 -1.40875
3.29734 -1.55758
3.75546 -1.40608
3.14487 -1.60417
3.67121 -1.43298
3.30546 -1.58384
3.76279 -1.42979
3.15312 -1.63126
3.67859 -1.45718
3.31371 -1.61007
3.77025 -1.45347
3.16152 -1.65832
3.68609 -1.48136
3.32211 -1.63628
3.77782 -1.47713
3.17005 -1.68536
3.69372 -1.50551
3.33064 -1.66245
3.78553 -1.50075
3.17872 -1.71236
3.70147 -1.52963
3.3393 -1.68859
3.79335 -1.52435
3.18754 -1.73933
3.70934 -1.55373
3.34811 -1.71469
3.80131 -1.54792
3.19649 -1.76627
3.71735 -1.5778
3.35705 -1.74077
3.80938 -1.57146
3.20558 -1.79318
3.72547 -1.60184
3.36612 -1.76681
3.81758 -1.59497
3.21481 -1.82006
3.73372 -1.62585
3.37534 -1.79281
3.8259 -1.61845
3.22418 -1.84691
3.7421 -1.64984
3.38469 -1.81878
3.83434 -1.64189
3.23369 -1.87372
3.7506 -1.67379
3.39417 -1.84472
3.84291 -1.66531
3.24334 -1.90049
3.75922 -1.69772
3.40379 -1.87062
3.85159 -1.68869
3.25313 -1.92724
3.76797 -1.72161
3.41355 -1.89648
3.86041 -1.71204
3.26305 -1.95395
3.77684 -1.74547
3.42344 -1.92231
3.86934 -1.73536
3.27312 -1.98062
3.78584 -1.7693
3.43347 -1.9481
3.8784 -1.75865
3.28332 -2.00726
3.79496 -1.7931
3.44364 -1.97386
3.88758 -1.7819
3.29367 -2.03386
3.8042 -1.81687
3.45394 -1.99957
3.89688 -1.80511
3.30415 -2.06043
3.81357 -1.84061
3.46437 -2.02525
3.90631 -1.8283
3.31477 -2.08695
3.82306 -1.86431
3.47494 -2.05088
3.91585 -1.85144
3.32553 -2.11344
3.83268 -1.88798
3.48565 -2.07648
3.92552 -1.87455
3.33642 -2.1399
3.84242 -1.91161
3.49649 -2.10204
3.93531 -1.89763
3.34746 -2.16631
3.85228 -1.93521
3.50747 -2.12755
3.94522 -1.92066
3.35863 -2.19268
3.86227 -1.95878
3.51858 -2.15303
3.95526 -1.94366
3.36994 -2.21902
3.87238 -1.98231
3.52982 -2.17846
3.96542 -1.96663
3.38139 -2.24531
3.88261 -2.0058
3.5412 -2.20385
3.97569 -1.98955
3.39298 -2.27156
3.89297 -2.02926
3.55272 -2.2292
3.98609 -2.01244
3.40471 -2.29778
3.90345 -2.05268
3.56437 -2.2545
3.99661 -2.03528
3.41657 -2.32394
3.91405 -2.07606
3.57615 -2.27976
4.00726 -2.05809
3.42857 -2.35007
3.92478 -2.09941
3.58807 -2.30498
4.01802 -2.08086
3.44071 -2.37616
3.93563 -2.12272
3.60012 -2.33015
4.0289 -2.10358
3.45298 -2.4022
3.9466 -2.14599
3.6123 -2.35527
4.03991 -2.12627
3.46539 -2.4282
3.9577 -2.16922
3.62462 -2.38035
4.05103 -2.14891
3.47794 -2.45415
3.96891 -2.19241
3.63707 -2.40539
4.06228 -2.17151
3.49063 -2.48006
3.98025 -2.21556
3.64966 -2.43037
4.07364 -2.19407
3.50345 -2.50592
3.99172 -2.23867
3.66237 -2.45531
4.08513 -2.21659
3.51641 -2.53174
4.0033 -2.26174
3.67523 -2.4802
4.09674 -2.23906
3.52951 -2.55751
4.01501 -2.28477
3.68821 -2.50504
4.10847 -2.26149
3.54274 -2.58323
4.02684 -2.30775
3.70133 -2.52983
4.12031 -2.28387
3.55611 -2.6089
4.03879 -2.3307
3.71458 -2.55457
4.13228 -2.30621
3.56962 -2.63453
4.05086 -2.3536
3.72796 -2.57926
4.14437 -2.32851
3.58326 -2.66011
4.06305 -2.37646
3.74147 -2.6039
4.15657 -2.35076
3.59704 -2.68564
4.07537 -2.39927
3.75512 -2.62849
4.1689 -2.37296
3.61095 -2.71112
4.08781 -2.42204
3.7689 -2.65303
4.18134 -2.39511
3.625 -2.73655
4.10037 -2.44477
3.78281 -2.67751
4.1939 -2.41722
3.63918 -2.76193
4.11305 -2.46745
3.79685 -2.70194
4.20659 -2.43928
3.65351 -2.78726
4.12585 -2.49009
3.81102 -2.72632
4.21939 -2.46129
3.66796 -2.81254
4.13877 -2.51268
3.82533 -2.75064
4.23231 -2.48326
3.68255 -2.83776
4.15182 -2.53522
3.83976 -2.77491
4.24535 -2.50517
3.69728 -2.86293
4.16498 -2.55772
3.85433 -2.79913
4.2585 -2.52704
3.71214 -2.88805
4.17827 -2.58016
3.86902 -2.82329
4.27178 -2.54885
3.72714 -2.91311
4.19167 -2.60257
3.88385 -2.84739
4.28517 -2.57062
3.74227 -2.93812
4.2052 -2.62492
3.89881 -2.87143
4.29868 -2.59233
3.75753 -2.96308
4.21885 -2.64722
3.9139 -2.89542
4.31231 -2.61399
3.77293 -2.98798
4.23261 -2.66948
3.92912 -2.91935
4.32605 -2.6356
3.78847 -3.01282
4.2465 -2.69168
3.94446 -2.94323
4.33992 -2.65716
3.80414 -3.03761
4.26051 -2.71384
3.95994 -2.96704
4.3539 -2.67866
3.81994 -3.06234
4.27464 -2.73594
3.97555 -2.99079
4.36799 -2.70011
3.83587 -3.08702
4.28888 -2.75799
3.99129 -3.01449
4.38221 -2.72151
3.85194 -3.11163
4.30325 -2.77999
4.00715 -3.03812
4.39654 -2.74285
3.86815 -3.13619
4.31774 -2.80194
4.02315 -3.06169
4.41098 -2.76414
3.88448 -3.16068
4.33234 -2.82384
4.03927 -3.0852
4.42555 -2.78537
3.90095 -3.18512
4.34707 -2.84568
4.05552 -3.10865
4.44023 -2.80654
3.91755 -3.2095
4.36191 -2.86747
4.0719 -3.13204
4.45502 -2.82766
3.93429 -3.23382
4.37687 -2.88921
4.08841 -3.15536
4.46993 -2.84872
3.95116 -3.25807
4.39195 -2.91089
4.10504 -3.17862
4.48496 -2.86973
3.96816 -3.28227
4.40715 -2.93252
4.12181 -3.20182
4.5001 -2.89068
3.98529 -3.3064
4.42247 -2.95409
4.1387 -3.22495
4.51536 -2.91157
4.00256 -3.33047
4.43791 -2.97561
4.15571 -3.24801
4.53073 -2.9324
4.01995 -3.35447
4.45346 -2.99706
4.17286 -3.27101
4.54622 -2.95317
4.03748 -3.37841
4.46913 -3.01847
4.19013 -3.29395
4.56182 -2.97388
4.05514 -3.40229
4.48492 -3.03981
4.20753 -3.31681
4.57753 -2.99453
4.07293 -3.4261
4.50083 -3.0611
4.22505 -3.33961
4.59336 -3.01512
4.09086 -3.44985
4.51685 -3.08233
4.2427 -3.36234
4.60931 -3.03565
4.10891 -3.47353
4.533 -3.1035
4.26048 -3.385
4.62536 -3.05611
4.12709 -3.49714
4.54926 -3.12461
4.27838 -3.4076
4.64154 -3.07652
4.14541 -3.52069
4.56563 -3.14566
4.29641 -3.43012
4.65782 -3.09686
4.16385 -3.54417
4.58212 -3.16665
4.31456 -3.45257
4.67422 -3.11714
4.18243 -3.56758
4.59873 -3.18758
4.33284 -3.47496
4.69073 -3.13735
4.20114 -3.59092
4.61546 -3.20845
4.35124 -3.49727
4.70735 -3.1575
4.21997 -3.61419
4.6323 -3.22925
4.36977 -3.51951
4.72409 -3.17759
4.23894 -3.63739
4.64926 -3.25
4.38842 -3.54167
4.74093 -3.19761
4.25803 -3.66053
4.66634 -3.27068
4.40719 -3.56377
4.75789 -3.21757
4.27726 -3.68359
4.68353 -3.2913
4.42609 -3.58579
4.77497 -3.23746
4.29661 -3.70658
4.70083 -3.31186
4.44511 -3.60774
4.79215 -3.25728
4.31609 -3.72949
4.71825 -3.33235
4.46426 -3.62961
4.80944 -3.27703
4.3357 -3.75234
4.73579 -3.35277
4.48353 -3.65141
4.82685 -3.29672
4.35544 -3.77511
4.75344 -3.37313
4.50292 -3.67313
4.84437 -3.31634
4.37531 -3.79781
4.7712 -3.39343
4.52243 -3.69478
4.86199 -3.33589
4.3953 -3.82043
4.78909 -3.41366
4.54207 -3.71634
4.87973 -3.35538
4.41543 -3.84298
4.80708 -3.43382
4.56182 -3.73784
4.89758 -3.37479
4.43568 -3.86545
4.82519 -3.45392
4.5817 -3.75925
4.91554 -3.39413
4.45605 -3.88785
4.84341 -3.47395
4.6017 -3.78059
4.9336 -3.4134
4.47656 -3.91017
4.86175 -3.49391
4.62182 -3.80184
4.95178 -3.4326
4.49719 -3.93242
4.8802 -3.5138
4.64206 -3.82302
4.97007 -3.45173
4.51795 -3.95458
4.89876 -3.53362
4.66242 -3.84412
4.98846 -3.47079
4.53883 -3.97667
4.91744 -3.55338
4.68291 -3.86514
5.00697 -3.48978
4.55984 -3.99868
4.93623 -3.57306
4.70351 -3.88607
5.02558 -3.50869
4.58098 -4.02061
4.95513 -3.59267
4.72423 -3.90693
5.0443 -3.52753
4.60224 -4.04246
4.97415 -3.61221
4.74507 -3.9277
5.06313 -3.54629
4.62363 -4.06423
4.99327 -3.63168
4.76603 -3.94839
5.08206 -3.56498
4.64514 -4.08592
5.01251 -3.65108
4.78711 -3.969
5.1011 -3.5836
4.66678 -4.10753
5.03186 -3.67041
4.80831 -3.98952
5.12025 -3.60214
4.68854 -4.12905
5.05133 -3.68966
4.82962 -4.00996
5.13951 -3.6206
4.71042 -4.15049
5.0709 -3.70884
4.85105 -4.03032
5.15887 -3.63899
4.73243 -4.17185
5.09058 -3.72794
4.8726 -4.05058
5.17834 -3.6573
4.75457 -4.19313
5.11038 -3.74697
4.89427 -4.07077
5.19792 -3.67553
4.77682 -4.21432
5.13029 -3.76593
4.91606 -4.09086
5.2176 -3.69369
4.7992 -4.23543
5.1503 -3.78481
4.93796 -4.11087
5.23739 -3.71176
4.82171 -4.25645
5.17043 -3.80361
4.95997 -4.13079
5.25728 -3.72976
4.84433 -4.27739
5.19067 -3.82234
4.98211 -4.15063
5.27727 -3.74768
4.86708 -4.29823
5.21101 -3.84099
5.00435 -4.17037
5.29737 -3.76552
4.88995 -4.319
5.23147 -3.85957
5.02672 -4.19003
5.31758 -3.78328
4.91294 -4.33967
5.25204 -3.87806
5.0492 -4.2096
5.33789 -3.80095
4.93606 -4.36026
5.27271 -3.89648
5.07179 -4.22907
5.3583 -3.81855
4.95929 -4.38075
5.29349 -3.91481
5.0945 -4.24846
5.37882 -3.83606
4.98265 -4.40116
5.31439 -3.93307
5.11732 -4.26775
5.39944 -3.8535
5.00613 -4.42148
5.33538 -3.95125
5.14025 -4.28695
5.42016 -3.87085
5.02972 -4.44171
5.35649 -3.96935
5.1633 -4.30606
5.44098 -3.88811
5.05344 -4.46184
5.37771 -3.98736
5.18646 -4.32508
5.46191 -3.90529
5.07728 -4.48189
5.39903 -4.0053
5.20973 -4.344
5.48293 -3.92239
5.10123 -4.50184
5.42046 -4.02315
5.23312 -4.36283
5.50406 -3.9394
5.12531 -4.5217
5.442 -4.04092
5.25661 -4.38156
5.52529 -3.95633
5.1495 -4.54147
5.46364 -4.05861
5.28022 -4.4002
5.54662 -3.97317
5.17381 -4.56114
5.48539 -4.07621
5.30394 -4.41875
5.56806 -3.98993
5.19825 -4.58072
5.50724 -4.09373
5.32777 -4.43719
5.58959 -4.0066
5.22279 -4.6002
5.5292 -4.11116
5.35171 -4.45554
5.61122 -4.02318
5.24746 -4.61959
5.55127 -4.12851
5.37576 -4.4738
5.63295 -4.03967
5.27224 -4.63888
5.57344 -4.14578
5.39992 -4.49195
5.65478 -4.05608
5.29714 -4.65808
5.59571 -4.16295
5.42419 -4.51001
5.67671 -4.07239
5.32216 -4.67717
5.6181 -4.18005
5.44857 -4.52797
5.69873 -4.08862
5.34729 -4.69617
5.64058 -4.19705
5.47305 -4.54583
5.72086 -4.10476
5.37254 -4.71507
5.66317 -4.21397
5.49765 -4.56358
5.74308 -4.12081
5.3979 -4.73388
5.68586 -4.23079
5.52235 -4.58124
5.7654 -4.13677
5.42338 -4.75258
5.70865 -4.24753
5.54715 -4.5988
5.78782 -4.15263
5.44898 -4.77118
5.73155 -4.26418
5.57207 -4.61625
5.81033 -4.16841
5.47468 -4.78968
5.75455 -4.28074
5.59709 -4.6336
5.83294 -4.18409
5.50051 -4.80808
5.77766 -4.29721
5.62222 -4.65085
5.85565 -4.19968
5.52644 -4.82638
5.80086 -4.31359
5.64745 -4.668
5.87845 -4.21517
5.55249 -4.84458
5.82417 -4.32988
5.67279 -4.68504
5.90134 -4.23058
5.57865 -4.86267
5.84757 -4.34608
5.69823 -4.70198
5.92433 -4.24588
5.60493 -4.88066
5.87108 -4.36218
5.72378 -4.71881
5.94742 -4.2611
5.63131 -4.89855
5.89469 -4.3782
5.74943 -4.73554
5.9706 -4.27622
5.65781 -4.91633
5.9184 -4.39411
5.77518 -4.75216
5.99387 -4.29124
5.68442 -4.934
5.94221 -4.40994
5.80104 -4.76868
6.01724 -4.30617
5.71114 -4.95157
5.96612 -4.42567
5.827 -4.78509
6.0407 -4.321
5.73797 -4.96903
5.99013 -4.4413
5.85306 -4.80139
6.06425 -4.33573
5.76492 -4.98639
6.01424 -4.45684
5.87922 -4.81758
6.08789 -4.35037
5.79197 -5.00364
6.03844 -4.47229
5.90549 -4.83366
6.11162 -4.36491
5.81913 -5.02078
6.06275 -4.48764
5.93185 -4.84964
6.13545 -4.37935
5.8464 -5.03781
6.08715 -4.50289
5.95832 -4.8655
6.15937 -4.39369
5.87378 -5.05473
6.11165 -4.51804
5.98488 -4.88126
6.18338 -4.40793
5.90126 -5.07155
6.13625 -4.53309
6.01155 -4.8969
6.20747 -4.42207
5.92886 -5.08825
6.16094 -4.54805
6.03831 -4.91243
6.23166 -4.43611
5.95656 -5.10484
6.18573 -4.56291
6.06517 -4.92785
6.25593 -4.45005
5.98437 -5.12132
6.21061 -4.57767
6.09213 -4.94316
6.2803 -4.46389
6.01228 -5.13768
6.2356 -4.59233
6.11919 -4.95836
6.30475 -4.47763
6.0403 -5.15394
6.26067 -4.60689
6.14635 -4.97344
6.32929 -4.49126
6.06843 -5.17008
6.28584 -4.62134
6.1736 -4.9884
6.35392 -4.50479
6.09666 -5.18611
6.31111 -4.6357
6.20094 -5.00326
6.37864 -4.51822
6.125 -5.20202
6.33647 -4.64995
6.22839 -5.01799
6.40344 -4.53155
6.15344 -5.21782
6.36192 -4.6641
6.25592 -5.03262
6.42833 -4.54477
6.18198 -5.2335
6.38747 -4.67815
6.28356 -5.04712
6.4533 -4.55788
6.21063 -5.24906
6.41311 -4.6921
6.31128 -5.06151
6.47836 -4.57089
6.23938 -5.26451
6.43884 -4.70594
6.3391 -5.07578
6.5035 -4.5838
6.26823 -5.27984
6.46466 -4.71967
6.36702 -5.08994
6.52873 -4.5966
6.29719 -5.29506
6.49058 -4.7333
6.39502 -5.10397
6.55404 -4.60929
6.32624 -5.31015
6.51659 -4.74683
6.42312 -5.11789
6.57943 -4.62187
6.3554 -5.32513
6.54268 -4.76025
6.45131 -5.13169
6.60491 -4.63435
6.38466 -5.33999
6.56887 -4.77356
6.47959 -5.14537
6.63047 -4.64672
6.41401 -5.35472
6.59515 -4.78677
6.50796 -5.15893
6.65611 -4.65898
6.44347 -5.36934
6.62152 -4.79987
6.53642 -5.17236
6.68184 -4.67113
6.47303 -5.38383
6.64797 -4.81285
6.56497 -5.18568
6.70764 -4.68317
6.50268 -5.3982
6.67452 -4.82574
6.59361 -5.19887
6.73353 -4.69511
6.53243 -5.41245
6.70115 -4.83851
6.62233 -5.21194
6.75949 -4.70693
6.56228 -5.42658
6.72787 -4.85117
6.65115 -5.22489
6.78554 -4.71864
6.59223 -5.44058
6.75468 -4.86372
6.68005 -5.23772
6.81166 -4.73024
6.62228 -5.45446
6.78157 -4.87616
6.70904 -5.25042
6.83786 -4.74173
6.65241 -5.46822
6.80855 -4.88849
6.73811 -5.26299
6.86414 -4.7531
6.68265 -5.48185
6.83562 -4.90071
6.76727 -5.27545
6.8905 -4.76436
6.71298 -5.49535
6.86277 -4.91282
6.79651 -5.28777
6.91693 -4.77551
6.7434 -5.50873
6.89001 -4.92481
6.82584 -5.29997
6.94344 -4.78655
6.77392 -5.52198
6.91733 -4.93669
6.85526 -5.31204
6.97003 -4.79747
6.80453 -5.5351
6.94473 -4.94845
6.88475 -5.32399
6.99669 -4.80828
6.83524 -5.54809
6.97222 -4.96011
6.91433 -5.33581
7.02343 -4.81897
6.86603 -5.56096
6.99979 -4.97164
6.94399 -5.3475
7.05024 -4.82955
6.89692 -5.57369
7.02744 -4.98307
6.97374 -5.35906
7.07713 -4.84001
6.9279 -5.5863
7.05518 -4.99437
7.00356 -5.3705
7.10409 -4.85035
6.95897 -5.59877
7.083 -5.00556
7.03346 -5.3818
7.13112 -4.86058
6.99013 -5.61112
7.1109 -5.01663
7.06344 -5.39297
7.15822 -4.87069
7.02138 -5.62333
7.13887 -5.02759
7.09351 -5.40402
7.1854 -4.88068
7.05272 -5.63541
7.16693 -5.03843
7.12365 -5.41493
7.21264 -4.89056
7.08414 -5.64736
7.19507 -5.04915
7.15387 -5.42571
7.23996 -4.90031
7.11566 -5.65918
7.22329 -5.05975
7.18416 -5.43636
7.26735 -4.90995
7.14726 -5.67086
7.25158 -5.07023
7.21453 -5.44688
7.29481 -4.91947
7.17894 -5.6824
7.27996 -5.08059
7.24498 -5.45726
7.32233 -4.92886
7.21072 -5.69382
7.30841 -5.09083
7.27551 -5.46751
7.34992 -4.93814
7.24257 -5.70509
7.33693 -5.10095
7.3061 -5.47762
7.37759 -4.9473
7.27452 -5.71623
7.36554 -5.11095
7.33678 -5.4876
7.40531 -4.95633
7.30654 -5.72724
7.39421 -5.12083
7.36752 -5.49745
7.43311 -4.96524
7.33865 -5.73811
7.42297 -5.13058
7.39834 -5.50716
7.46097 -4.97403
7.37084 -5.74883
7.4518 -5.14022
7.42923 -5.51674
7.4889 -4.9827
7.40312 -5.75943
7.4807 -5.14972
7.46019 -5.52617
7.51689 -4.99125
7.43548 -5.76988
7.50968 -5.15911
7.49123 -5.53548
7.54495 -4.99967
7.46791 -5.78019
7.53872 -5.16837
7.52233 -5.54464
7.57307 -5.00797
7.50043 -5.79037
7.56785 -5.17751
7.5535 -5.55367
7.60125 -5.01614
7.53303 -5.8004
7.59704 -5.18652
7.58474 -5.56256
7.62949 -5.02419
7.5657 -5.81029
7.6263 -5.1954
7.61605 -5.5713
7.6578 -5.03211
7.59846 -5.82004
7.65564 -5.20416
7.64743 -5.57991
7.68617 -5.03991
7.63129 -5.82965
7.68504 -5.21279
7.67887 -5.58839
7.7146 -5.04758
7.6642 -5.83912
7.71451 -5.2213
7.71038 -5.59672
7.74309 -5.05512
7.69718 -5.84844
7.74406 -5.22968
7.74196 -5.60491
7.77163 -5.06254
7.73024 -5.85762
7.77367 -5.23793
7.7736 -5.61295
7.80024 -5.06983
7.76338 -5.86666
7.80335 -5.24605
7.8053 -5.62086
7.8289 -5.07699
7.79659 -5.87555
7.83309 -5.25404
7.83707 -5.62863
7.85763 -5.08403
7.82987 -5.8843
7.8629 -5.2619
7.86889 -5.63625
7.88641 -5.09093
7.86322 -5.8929
7.89278 -5.26963
7.90079 -5.64373
7.91524 -5.09771
7.89665 -5.90135
7.92272 -5.27724
7.93274 -5.65106
7.94413 -5.10436
7.93015 -5.90966
7.95273 -5.28471
7.96475 -5.65826
7.97308 -5.11088
7.96372 -5.91782
7.9828 -5.29205
7.99682 -5.6653
8.00208 -5.11726
7.99736 -5.92583
8.01293 -5.29925
8.02895 -5.67221
8.03113 -5.12352
8.03107 -5.93369
8.04313 -5.30633
8.06114 -5.67897
8.06024 -5.12965
8.06485 -5.94141
8.07339 -5.31327
8.09339 -5.68558
8.08939 -5.13564
8.09869 -5.94898
8.10371 -5.32008
8.12569 -5.69205
8.1186 -5.14151
8.13261 -5.95639
8.13409 -5.32675
8.15805 -5.69837
8.14786 -5.14724
8.16658 -5.96366
8.16453 -5.33329
8.19047 -5.70454
8.17718 -5.15283
8.20063 -5.97077
8.19503 -5.3397
8.22294 -5.71057
8.20654 -5.1583
8.23474 -5.97774
8.22558 -5.34597
8.25546 -5.71644
8.23594 -5.16363
8.26891 -5.98455
8.2562 -5.3521
8.28803 -5.72218
8.2654 -5.16883
8.30315 -5.99121
8.28687 -5.3581
8.32066 -5.72776
8.29491 -5.17389
8.33745 -5.99771
8.3176 -5.36397
8.35334 -5.73319
8.32446 -5.17882
8.37181 -6.00407
8.34839 -5.36969
8.38607 -5.73847
8.35405 -5.18362
8.40623 -6.01026
8.37923 -5.37528
8.41885 -5.74361
8.3837 -5.18828
8.44071 -6.01631
8.41012 -5.38073
8.45168 -5.74859
8.41338 -5.1928
8.47525 -6.0222
8.44107 -5.38604
8.48455 -5.75342
8.44312 -5.19719
8.50985 -6.02793
8.47207 -5.39121
8.51748 -5.7581
8.47289 -5.20144
8.54451 -6.03351
8.50313 -5.39625
8.55045 -5.76263
8.50271 -5.20556
8.57922 -6.03893
8.53423 -5.40114
8.58347 -5.76701
8.53256 -5.20953
8.61399 -6.0442
8.56539 -5.4059
8.61653 -5.77124
8.56246 -5.21337
8.64882 -6.04931
8.5966 -5.41051
8.64963 -5.77531
8.5924 -5.21708
8.6837 -6.05426
8.62785 -5.41498
8.68278 -5.77923
8.62238 -5.22064
8.71863 -6.05905
8.65916 -5.41931
8.71597 -5.783
8.6524 -5.22407
8.75362 -6.06368
8.69051 -5.4235
8.74921 -5.78661
8.68246 -5.22735
8.78866 -6.06816
8.72191 -5.42755
8.78248 -5.79007
8.71255 -5.2305
8.82375 -6.07247
8.75336 -5.43145
8.81579 -5.79338
8.74268 -5.23351
8.85889 -6.07662
8.78485 -5.43521
8.84915 -5.79653
8.77284 -5.23638
8.89408 -6.08062
8.81638 -5.43883
8.88254 -5.79952
8.80304 -5.23911
8.92932 -6.08445
8.84797 -5.44231
8.91597 -5.80236
8.83328 -5.24169
8.96461 -6.08812
8.87959 -5.44564
8.94943 -5.80504
8.86355 -5.24414
8.99994 -6.09163
8.91126 -5.44882
8.98293 -5.80757
8.89385 -5.24645
9.03532 -6.09498
8.94297 -5.45186
9.01647 -5.80994
8.92418 -5.24861
9.07074 -6.09816
8.97472 -5.45475
9.05004 -5.81215
8.95454 -5.25063
9.10621 -6.10118
9.00651 -5.4575
9.08365 -5.81421
8.98494 -5.25251
9.14173 -6.10404
9.03834 -5.4601
9.11728 -5.8161
9.01536 -5.25425
9.17728 -6.10673
9.0702 -5.46256
9.15095 -5.81784
9.04581 -5.25584
9.21288 -6.10926
9.10211 -5.46487
9.18465 -5.81942
9.07629 -5.2573
9.24851 -6.11162
9.13405 -5.46703
9.21838 -5.82085
9.1068 -5.2586
9.28419 -6.11382
9.16603 -5.46904
9.25213 -5.82211
9.13733 -5.25977
9.31991 -6.11585
9.19805 -5.4709
9.28592 -5.82321
9.16789 -5.26079
9.35566 -6.11771
9.2301 -5.47262
9.31973 -5.82416
9.19847 -5.26166
9.39145 -6.11941
9.26218 -5.47419
9.35357 -5.82494
9.22908 -5.2624
9.42728 -6.12094
9.2943 -5.4756
9.38743 -5.82556
9.25971 -5.26298
9.46314 -6.12231
9.32645 -5.47687
9.42132 -5.82602
9.29037 -5.26342
9.49904 -6.1235
9.35863 -5.47799
9.45523 -5.82632
9.32104 -5.26372
9.53497 -6.12453
9.39084 -5.47896
9.48916 -5.82646
9.35174 -5.26387
9.57093 -6.12539
9.42308 -5.47977
9.52311 -5.82644
9.38245 -5.26387
9.60692 -6.12608
9.45535 -5.48044
9.55709 -5.82626
9.41318 -5.26373
9.64295 -6.1266
9.48764 -5.48095
9.59108 -5.82591
9.44394 -5.26344
9.679 -6.12695
9.51997 -5.48131
9.6251 -5.8254
9.4747 -5.26301
9.71508 -6.12713
9.55232 -5.48152
9.65913 -5.82473
9.50549 -5.26242
9.75119 -6.12714
9.58469 -5.48157
9.69317 -5.8239
9.53629 -5.26169
9.78733 -6.12697
9.61709 -5.48148
9.72724 -5.8229
9.56711 -5.26082
9.82349 -6.12664
9.64951 -5.48123
9.76132 -5.82174
9.59794 -5.25979
9.85968 -6.12613
9.68196 -5.48082
9.79541 -5.82041
9.62878 -5.25862
9.89589 -6.12546
9.71443 -5.48026
9.82952 -5.81892
9.65963 -5.25729
9.93212 -6.12461
9.74692 -5.47955
9.86363 -5.81727
9.6905 -5.25582
9.96837 -6.12358
9.77942 -5.47868
9.89776 -5.81545
9.72137 -5.2542
10.0046 -6.12239
9.81195 -5.47766
9.9319 -5.81346
9.75226 -5.25243
10.0409 -6.12102
9.8445 -5.47648
9.96605 -5.81131
9.78315 -5.25052
10.0773 -6.11947
9.87706 -5.47515
10.0002 -5.809
9.81406 -5.24845
10.1136 -6.11775
9.90964 -5.47366
10.0344 -5.80652
9.84496 -5.24623
10.1499 -6.11586
9.94223 -5.47202
10.0685 -5.80387
9.87588 -5.24387
10.1863 -6.11379
9.97484 -5.47022
10.1027 -5.80106
9.9068 -5.24135
10.2227 -6.11155
10.0075 -5.46826
10.1369 -5.79808
9.93772 -5.23868
10.2591 -6.10913
10.0401 -5.46614
10.1711 -5.79493
9.96865 -5.23586
10.2955 -6.10654
10.0727 -5.46387
10.2053 -5.79162
9.99958 -5.23289
10.3319 -6.10376
10.1054 -5.46144
10.2394 -5.78814
10.0305 -5.22977
10.3683 -6.10082
10.1381 -5.45885
10.2736 -5.7845
10.0614 -5.2265
10.4047 -6.09769
10.1707 -5.4561
10.3078 -5.78068
10.0924 -5.22308
10.4412 -6.09439
10.2034 -5.4532
10.342 -5.7767
10.1233 -5.21951
10.4776 -6.09091
10.2361 -5.45013
10.3762 -5.77255
10.1542 -5.21578
10.5141 -6.08726
10.2688 -5.44691
10.4104 -5.76823
10.1851 -5.2119
10.5505 -6.08342
10.3015 -5.44353
10.4445 -5.76375
10.2161 -5.20788
10.587 -6.07941
10.3342 -5.43999
10.4787 -5.75909
10.247 -5.20369
10.6234 -6.07522
10.3669 -5.43629
10.5129 -5.75427
10.2779 -5.19936
10.6599 -6.07085
10.3996 -5.43242
10.547 -5.74928
10.3088 -5.19487
10.6964 -6.0663
10.4323 -5.4284
10.5811 -5.74412
10.3397 -5.19024
10.7328 -6.06157
10.465 -5.42422
10.6153 -5.73879
10.3706 -5.18544
10.7693 -6.05666
10.4978 -5.41988
10.6494 -5.73329
10.4014 -5.1805
10.8058 -6.05158
10.5305 -5.41537
10.6835 -5.72762
10.4323 -5.1754
10.8422 -6.04631
10.5632 -5.41071
10.7176 -5.72178
10.4632 -5.17015
10.8787 -6.04086
10.5959 -5.40588
10.7517 -5.71578
10.494 -5.16475
10.9151 -6.03523
10.6286 -5.40089
10.7857 -5.7096
10.5248 -5.15919
10.9515 -6.02942
10.6612 -5.39575
10.8198 -5.70325
10.5556 -5.15348
10.988 -6.02343
10.6939 -5.39043
10.8538 -5.69674
10.5864 -5.14762
11.0244 -6.01726
10.7266 -5.38496
10.8878 -5.69005
10.6172 -5.1416
11.0608 -6.01091
10.7593 -5.37932
10.9218 -5.6832
10.648 -5.13543
11.0972 -6.00438
10.7919 -5.37353
10.9558 -5.67617
10.6787 -5.1291
11.1336 -5.99766
10.8246 -5.36756
10.9897 -5.66897
10.7094 -5.12262
11.1699 -5.99076
10.8572 -5.36144
11.0237 -5.6616
10.7401 -5.11599
11.2063 -5.98369
10.8898 -5.35515
11.0576 -5.65407
10.7708 -5.1092
11.2426 -5.97642
10.9224 -5.3487
11.0915 -5.64636
10.8015 -5.10226
11.2789 -5.96898
10.955 -5.34209
11.1253 -5.63848
10.8321 -5.09516
11.3152 -5.96135
10.9876 -5.33531
11.1591 -5.63043
10.8627 -5.08791
11.3515 -5.95354
11.0201 -5.32837
11.1929 -5.62221
10.8933 -5.08051
11.3877 -5.94555
11.0526 -5.32127
11.2267 -5.61382
10.9239 -5.07295
11.424 -5.93738
11.0852 -5.314
11.2604 -5.60525
10.9544 -5.06523
11.4602 -5.92902
11.1176 -5.30656
11.2941 -5.59652
10.9849 -5.05737
11.4964 -5.92048
11.1501 -5.29897
11.3278 -5.58762
11.0154 -5.04934
11.5325 -5.91175
11.1826 -5.29121
11.3614 -5.57854
11.0458 -5.04116
11.5687 -5.90284
11.215 -5.28328
11.3951 -5.5693
11.0763 -5.03283
11.6048 -5.89375
11.2474 -5.27519
11.4286 -5.55988
11.1066 -5.02435
11.6408 -5.88448
11.2798 -5.26694
11.4621 -5.55029
11.137 -5.0157
11.6769 -5.87502
11.3121 -5.25852
11.4956 -5.54053
11.1673 -5.00691
11.7129 -5.86537
11.3444 -5.24993
11.5291 -5.5306
11.1976 -4.99796
11.7488 -5.85555
11.3767 -5.24118
11.5625 -5.5205
11.2278 -4.98885
11.7848 -5.84554
11.409 -5.23227
11.5959 -5.51023
11.258 -4.97959
11.8207 -5.83534
11.4412 -5.22319
11.6292 -5.49979
11.2882 -4.97018
11.8565 -5.82496
11.4734 -5.21395
11.6625 -5.48917
11.3183 -4.96061
11.8924 -5.8144
11.5055 -5.20454
11.6957 -5.47839
11.3484 -4.95089
11.9281 -5.80365
11.5376 -5.19497
11.7289 -5.46743
11.3784 -4.94101
11.9639 -5.79272
11.5697 -5.18523
11.7621 -5.4563
11.4084 -4.93097
11.9996 -5.7816
11.6018 -5.17532
11.7951 -5.44501
11.4384 -4.92079
12.0352 -5.7703
11.6338 -5.16525
11.8282 -5.43354
11.4683 -4.91045
12.0709 -5.75882
11.6657 -5.15502
11.8612 -5.4219
11.4982 -4.89995
12.1064 -5.74715
11.6977 -5.14462
11.8941 -5.41009
11.528 -4.8893
12.1419 -5.73529
11.7296 -5.13405
11.927 -5.39811
11.5578 -4.8785
12.1774 -5.72325
11.7614 -5.12332
11.9599 -5.38596
11.5875 -4.86754
12.2128 -5.71103
11.7932 -5.11243
11.9926 -5.37364
11.6172 -4.85643
12.2482 -5.69862
11.825 -5.10137
12.0254 -5.36115
11.6468 -4.84516
12.2835 -5.68603
11.8567 -5.09014
12.058 -5.34849
11.6764 -4.83374
12.3188 -5.67326
11.8883 -5.07875
12.0906 -5.33566
11.7059 -4.82217
12.354 -5.6603
11.9199 -5.06719
12.1232 -5.32266
11.7353 -4.81044
12.3891 -5.64715
11.9515 -5.05547
12.1557 -5.30949
11.7648 -4.79856
12.4242 -5.63383
11.983 -5.04358
12.1881 -5.29615
11.7941 -4.78653
12.4592 -5.62031
12.0144 -5.03153
12.2204 -5.28265
11.8234 -4.77434
12.4942 -5.60662
12.0458 -5.01932
12.2527 -5.26897
11.8526 -4.762
12.5291 -5.59274
12.0772 -5.00693
12.285 -5.25512
11.8818 -4.74951
12.564 -5.57868
12.1085 -4.99439
12.3171 -5.24111
11.9109 -4.73686
12.5987 -5.56443
12.1397 -4.98168
12.3492 -5.22692
11.94 -4.72406
12.6335 -5.55
12.1709 -4.9688
12.3812 -5.21257
11.969 -4.71111
12.6681 -5.53538
12.202 -4.95576
12.4132 -5.19805
11.9979 -4.69801
12.7027 -5.52059
12.2331 -4.94256
12.4451 -5.18336
12.0268 -4.68475
12.7372 -5.50561
12.264 -4.92919
12.4769 -5.1685
12.0556 -4.67135
12.7716 -5.49044
12.295 -4.91566
12.5086 -5.15348
12.0843 -4.65779
12.806 -5.47509
12.3258 -4.90196
12.5403 -5.13829
12.113 -4.64408
12.8403 -5.45957
12.3566 -4.8881
12.5718 -5.12293
12.1416 -4.63022
12.8745 -5.44385
12.3874 -4.87407
12.6034 -5.1074
12.1701 -4.6162
12.9087 -5.42796
12.418 -4.85988
12.6348 -5.09171
12.1985 -4.60204
12.9427 -5.41188
12.4486 -4.84553
12.6661 -5.07585
12.2269 -4.58772
12.9767 -5.39562
12.4792 -4.83102
12.6974 -5.05982
12.2552 -4.57326
13.0106 -5.37918
12.5096 -4.81634
12.7286 -5.04363
12.2835 -4.55864
13.0445 -5.36256
12.54 -4.8015
12.7597 -5.02727
12.3116 -4.54388
13.0782 -5.34576
12.5703 -4.78649
12.7907 -5.01075
12.3397 -4.52896
13.1119 -5.32878
12.6005 -4.77133
12.8216 -4.99406
12.3677 -4.5139
13.1454 -5.31161
12.6307 -4.756
12.8525 -4.9772
12.3956 -4.49869
13.1789 -5.29426
12.6608 -4.74051
12.8832 -4.96019
12.4235 -4.48332
13.2123 -5.27674
12.6908 -4.72486
12.9139 -4.943
12.4512 -4.46781
13.2456 -5.25903
12.7207 -4.70904
12.9444 -4.92566
12.4789 -4.45215
13.2788 -5.24114
12.7505 -4.69307
12.9749 -4.90815
12.5065 -4.43634
13.312 -5.22308
12.7803 -4.67693
13.0053 -4.89047
12.534 -4.42039
13.345 -5.20483
12.81 -4.66063
13.0356 -4.87264
12.5615 -4.40429
13.3779 -5.18641
12.8395 -4.64417
13.0658 -4.85464
12.5888 -4.38804
13.4108 -5.16781
12.869 -4.62755
13.0959 -4.83648
12.6161 -4.37164
13.4435 -5.14903
12.8985 -4.61077
13.1259 -4.81815
12.6433 -4.3551
13.4762 -5.13007
12.9278 -4.59384
13.1558 -4.79967
12.6703 -4.33841
13.5087 -5.11093
12.957 -4.57674
13.1856 -4.78102
12.6973 -4.32157
13.5412 -5.09161
12.9862 -4.55948
13.2153 -4.76222
12.7242 -4.30459
13.5735 -5.07212
13.0152 -4.54206
13.2449 -4.74325
12.751 -4.28746
13.6057 -5.05245
13.0442 -4.52449
13.2744 -4.72412
12.7778 -4.27019
13.6379 -5.03261
13.0731 -4.50675
13.3038 -4.70484
12.8044 -4.25278
13.6699 -5.01259
13.1018 -4.48886
13.3331 -4.68539
12.8309 -4.23522
13.7018 -4.99239
13.1305 -4.47081
13.3623 -4.66579
12.8573 -4.21751
13.7336 -4.97202
13.1591 -4.45261
13.3914 -4.64603
12.8837 -4.19967
13.7653 -4.95148
13.1876 -4.43425
13.4203 -4.62611
12.9099 -4.18168
13.7969 -4.93076
13.2159 -4.41573
13.4492 -4.60603
12.936 -4.16355
13.8283 -4.90986
13.2442 -4.39705
13.4779 -4.58579
12.962 -4.14527
13.8597 -4.8888
13.2724 -4.37822
13.5066 -4.5654
12.988 -4.12686
13.8909 -4.86756
13.3004 -4.35923
13.5351 -4.54486
13.0138 -4.1083
13.922 -4.84614
13.3284 -4.34009
13.5635 -4.52416
13.0395 -4.08961
13.953 -4.82456
13.3563 -4.3208
13.5918 -4.5033
13.0651 -4.07077
13.9839 -4.8028
13.384 -4.30134
13.6199 -4.48229
13.0907 -4.05179
14.0147 -4.78088
13.4117 -4.28174
13.648 -4.46112
13.1161 -4.03267
14.0453 -4.75878
13.4392 -4.26198
13.6759 -4.4398
13.1413 -4.01342
14.0758 -4.73651
13.4666 -4.24207
13.7037 -4.41833
13.1665 -3.99402
14.1062 -4.71407
13.4939 -4.22201
13.7314 -4.39671
13.1916 -3.97449
14.1365 -4.69147
13.5211 -4.2018
13.759 -4.37493
13.2166 -3.95482
14.1666 -4.66869
13.5482 -4.18143
13.7864 -4.353
13.2414 -3.93502
14.1966 -4.64575
13.5751 -4.16092
13.8137 -4.33092
13.2662 -3.91507
14.2265 -4.62264
13.602 -4.14025
13.8409 -4.3087
13.2908 -3.895
14.2562 -4.59936
13.6287 -4.11944
13.8679 -4.28632
13.3153 -3.87478
14.2858 -4.57592
13.6553 -4.09847
13.8949 -4.26379
13.3397 -3.85443
14.3153 -4.55231
13.6818 -4.07736
13.9217 -4.24112
13.364 -3.83395
14.3446 -4.52853
13.7082 -4.05609
13.9483 -4.21829
13.3881 -3.81333
14.3738 -4.5046
13.7344 -4.03468
13.9749 -4.19532
13.4122 -3.79258
14.4028 -4.48049
13.7605 -4.01312
14.0013 -4.1722
13.4361 -3.7717
14.4317 -4.45623
13.7865 -3.99142
14.0275 -4.14894
13.4599 -3.75068
14.4605 -4.4318
13.8124 -3.96957
14.0537 -4.12553
13.4835 -3.72953
14.4891 -4.40721
13.8381 -3.94757
14.0797 -4.10198
13.5071 -3.70825
14.5176 -4.38246
13.8637 -3.92543
14.1055 -4.07828
13.5305 -3.68684
14.546 -4.35754
13.8892 -3.90315
14.1313 -4.05444
13.5538 -3.6653
14.5742 -4.33247
13.9145 -3.88072
14.1568 -4.03046
13.577 -3.64364
14.6022 -4.30724
13.9397 -3.85814
14.1823 -4.00633
13.6 -3.62184
14.6301 -4.28185
13.9648 -3.83543
14.2076 -3.98206
13.6229 -3.59991
14.6578 -4.2563
13.9898 -3.81257
14.2327 -3.95766
13.6457 -3.57786
14.6854 -4.2306
14.0146 -3.78957
14.2577 -3.93311
13.6684 -3.55568
14.7129 -4.20473
14.0392 -3.76643
14.2826 -3.90842
13.6909 -3.53338
14.7402 -4.17872
14.0638 -3.74315
14.3073 -3.88359
13.7133 -3.51094
14.7673 -4.15254
14.0882 -3.71974
14.3319 -3.85863
13.7355 -3.48839
14.7943 -4.12621
14.1124 -3.69618
14.3563 -3.83353
13.7577 -3.46571
14.8211 -4.09973
14.1365 -3.67248
14.3806 -3.80829
13.7797 -3.4429
14.8477 -4.0731
14.1605 -3.64865
14.4047 -3.78292
13.8015 -3.41998
14.8742 -4.04631
14.1843 -3.62468
14.4287 -3.75741
13.8232 -3.39693
14.9006 -4.01938
14.208 -3.60058
14.4525 -3.73177
13.8448 -3.37376
14.9267 -3.99229
14.2315 -3.57634
14.4761 -3.70599
13.8662 -3.35046
14.9527 -3.96505
14.2549 -3.55196
14.4996 -3.68008
13.8875 -3.32705
14.9786 -3.93767
14.2781 -3.52745
14.523 -3.65404
13.9087 -3.30352
15.0042 -3.91013
14.3012 -3.50281
14.5462 -3.62787
13.9297 -3.27987
15.0297 -3.88245
14.3241 -3.47804
14.5692 -3.60157
13.9506 -3.2561
15.0551 -3.85463
14.3469 -3.45313
14.5921 -3.57513
13.9713 -3.23221
15.0802 -3.82665
14.3695 -3.4281
14.6148 -3.54857
13.9919 -3.20821
15.1052 -3.79854
14.392 -3.40293
14.6374 -3.52188
14.0123 -3.18409
15.13 -3.77028
14.4143 -3.37763
14.6598 -3.49507
14.0326 -3.15986
15.1547 -3.74187
14.4365 -3.35221
14.682 -3.46813
14.0527 -3.13551
15.1792 -3.71333
14.4585 -3.32666
14.704 -3.44106
14.0727 -3.11105
15.2035 -3.68464
14.4803 -3.30098
14.7259 -3.41387
14.0926 -3.08648
15.2276 -3.65581
14.502 -3.27517
14.7477 -3.38655
14.1123 -3.06179
15.2515 -3.62685
14.5236 -3.24925
14.7693 -3.35911
14.1318 -3.03699
15.2753 -3.59774
14.5449 -3.22319
14.7906 -3.33155
14.1512 -3.01208
15.2988 -3.5685
14.5661 -3.19701
14.8119 -3.30387
14.1704 -2.98707
15.3222 -3.53912
14.5872 -3.17071
14.8329 -3.27607
14.1895 -2.96194
15.3454 -3.50961
14.608 -3.14429
14.8538 -3.24815
14.2084 -2.9367
15.3685 -3.47996
14.6287 -3.11775
14.8745 -3.22011
14.2272 -2.91136
15.3913 -3.45018
14.6493 -3.09108
14.8951 -3.19195
14.2458 -2.88591
15.4139 -3.42026
14.6696 -3.0643
14.9155 -3.16368
14.2643 -2.86036
15.4364 -3.39022
14.6899 -3.0374
14.9357 -3.13529
14.2826 -2.8347
15.4587 -3.36004
14.7099 -3.01038
14.9557 -3.10678
14.3007 -2.80893
15.4808 -3.32974
14.7297 -2.98325
14.9755 -3.07816
14.3187 -2.78307
15.5027 -3.2993
14.7494 -2.956
14.9952 -3.04943
14.3365 -2.7571
15.5244 -3.26874
14.769 -2.92863
15.0147 -3.02059
14.3542 -2.73103
15.5459 -3.23805
14.7883 -2.90116
15.034 -2.99164
14.3717 -2.70486
15.5672 -3.20724
14.8075 -2.87356
15.0531 -2.96257
14.389 -2.67859
15.5883 -3.1763
14.8265 -2.84586
15.0721 -2.9334
14.4062 -2.65222
15.6092 -3.14524
14.8453 -2.81805
15.0908 -2.90412
14.4232 -2.62575
15.6299 -3.11406
14.8639 -2.79012
15.1094 -2.87473
14.44 -2.59919
15.6505 -3.08275
14.8824 -2.76209
15.1278 -2.84523
14.4567 -2.57253
15.6708 -3.05133
14.9007 -2.73395
15.146 -2.81563
14.4732 -2.54577
15.6909 -3.01978
14.9188 -2.7057
15.1641 -2.78593
14.4895 -2.51892
15.7108 -2.98812
14.9367 -2.67735
15.1819 -2.75612
14.5057 -2.49198
15.7305 -2.95634
14.9544 -2.64889
15.1996 -2.72621
14.5217 -2.46494
15.7501 -2.92445
14.972 -2.62032
15.217 -2.6962
14.5375 -2.43781
15.7694 -2.89244
14.9893 -2.59166
15.2343 -2.6661
14.5532 -2.41059
15.7885 -2.86032
15.0065 -2.56289
15.2514 -2.63589
14.5687 -2.38329
15.8074 -2.82809
15.0235 -2.53402
15.2683 -2.60558
14.584 -2.35589
15.826 -2.79574
15.0403 -2.50505
15.285 -2.57518
14.5991 -2.3284
15.8445 -2.76329
15.057 -2.47598
15.3015 -2.54468
14.6141 -2.30083
15.8628 -2.73073
15.0734 -2.44682
15.3179 -2.51408
14.6289 -2.27318
15.8809 -2.69805
15.0896 -2.41756
15.334 -2.48339
14.6435 -2.24543
15.8987 -2.66528
15.1057 -2.3882
15.3499 -2.45261
14.658 -2.21761
15.9163 -2.6324
15.1216 -2.35875
15.3657 -2.42174
14.6722 -2.1897
15.9338 -2.59941
15.1372 -2.3292
15.3812 -2.39078
14.6863 -2.16171
15.951 -2.56632
15.1527 -2.29956
15.3966 -2.35972
14.7002 -2.13363
15.9679 -2.53313
15.168 -2.26983
15.4117 -2.32858
14.714 -2.10548
15.9847 -2.49984
15.1831 -2.24001
15.4267 -2.29736
14.7275 -2.07725
16.0013 -2.46645
15.198 -2.2101
15.4414 -2.26604
14.7409 -2.04894
16.0176 -2.43296
15.2127 -2.1801
15.456 -2.23464
14.7541 -2.02056
16.0337 -2.39938
15.2272 -2.15002
15.4704 -2.20316
14.7671 -1.99209
16.0496 -2.3657
15.2415 -2.11985
15.4845 -2.1716
14.7799 -1.96356
16.0653 -2.33192
15.2556 -2.08959
15.4985 -2.13995
14.7926 -1.93494
16.0808 -2.29806
15.2695 -2.05925
15.5122 -2.10822
14.805 -1.90626
16.096 -2.2641
15.2832 -2.02883
15.5258 -2.07641
14.8173 -1.8775
16.111 -2.23005
15.2967 -1.99833
15.5391 -2.04453
14.8294 -1.84868
16.1258 -2.19592
15.31 -1.96775
15.5523 -2.01257
14.8413 -1.81978
16.1404 -2.16169
15.3231 -1.93709
15.5652 -1.98053
14.8531 -1.79082
16.1547 -2.12738
15.336 -1.90635
15.578 -1.94842
14.8646 -1.76178
16.1688 -2.09298
15.3487 -1.87553
15.5905 -1.91623
14.876 -1.73268
16.1827 -2.0585
15.3612 -1.84464
15.6028 -1.88397
14.8871 -1.70352
16.1964 -2.02394
15.3735 -1.81368
15.6149 -1.85164
14.8981 -1.67429
16.2098 -1.9893
15.3856 -1.78264
15.6268 -1.81924
14.9089 -1.64499
16.223 -1.95458
15.3975 -1.75153
15.6385 -1.78677
14.9195 -1.61564
16.236 -1.91977
15.4092 -1.72035
15.65 -1.75424
14.9299 -1.58622
16.2488 -1.8849
15.4206 -1.6891
15.6613 -1.72164
14.9402 -1.55674
16.2613 -1.84994
15.4319 -1.65778
15.6724 -1.68897
14.9502 -1.52721
16.2735 -1.81491
15.443 -1.6264
15.6832 -1.65624
14.96 -1.49761
16.2856 -1.77981
15.4538 -1.59495
15.6939 -1.62344
14.9697 -1.46796
16.2974 -1.74464
15.4644 -1.56343
15.7043 -1.59059
14.9792 -1.43825
16.309 -1.70939
15.4749 -1.53185
15.7146 -1.55767
14.9884 -1.40849
16.3203 -1.67408
15.4851 -1.50021
15.7246 -1.52469
14.9975 -1.37868
16.3315 -1.6387
15.4951 -1.46851
15.7344 -1.49166
15.0064 -1.34881
16.3423 -1.60326
15.5049 -1.43675
15.744 -1.45857
15.0151 -1.31889
16.353 -1.56774
15.5144 -1.40493
15.7534 -1.42542
15.0236 -1.28892
16.3634 -1.53217
15.5238 -1.37306
15.7625 -1.39222
15.0319 -1.2589
16.3736 -1.49653
15.533 -1.34113
15.7715 -1.35897
15.04 -1.22883
16.3835 -1.46084
15.5419 -1.30914
15.7802 -1.32567
15.0479 -1.19872
16.3932 -1.42508
15.5506 -1.2771
15.7887 -1.29231
15.0556 -1.16856
16.4026 -1.38927
15.5591 -1.24501
15.797 -1.25891
15.0631 -1.13836
16.4118 -1.3534
15.5674 -1.21287
15.8051 -1.22545
15.0705 -1.10811
16.4208 -1.31747
15.5755 -1.18068
15.813 -1.19196
15.0776 -1.07782
16.4296 -1.2815
15.5834 -1.14844
15.8206 -1.15841
15.0845 -1.04749
16.4381 -1.24547
15.591 -1.11615
15.828 -1.12482
15.0913 -1.01711
16.4463 -1.20939
15.5984 -1.08382
15.8353 -1.09119
15.0978 -0.986704
16.4543 -1.17326
15.6056 -1.05144
15.8423 -1.05752
15.1042 -0.956256
16.4621 -1.13708
15.6126 -1.01902
15.849 -1.0238
15.1103 -0.925771
16.4696 -1.10086
15.6194 -0.986564
15.8556 -0.990049
15.1162 -0.895251
16.4769 -1.06459
15.626 -0.954063
15.8619 -0.956258
15.122 -0.864696
16.4839 -1.02828
15.6323 -0.921524
15.8681 -0.92243
15.1275 -0.834108
16.4907 -0.991925
15.6384 -0.888946
15.874 -0.888567
15.1329 -0.803488
16.4973 -0.955532
15.6443 -0.856333
15.8796 -0.854671
15.138 -0.772838
16.5036 -0.9191
15.65 -0.823684
15.8851 -0.820741
15.143 -0.742157
16.5097 -0.88263
15.6554 -0.791002
15.8903 -0.78678
15.1477 -0.711449
16.5155 -0.846124
15.6607 -0.758287
15.8954 -0.752789
15.1523 -0.680713
16.5211 -0.809584
15.6657 -0.725541
15.9001 -0.718769
15.1566 -0.64995
16.5264 -0.773011
15.6705 -0.692766
15.9047 -0.684722
15.1608 -0.619163
16.5315 -0.736407
15.6751 -0.659962
15.9091 -0.650648
15.1647 -0.588352
16.5363 -0.699772
15.6794 -0.627132
15.9132 -0.616549
15.1685 -0.557519
16.5409 -0.663109
15.6836 -0.594275
15.9171 -0.582427
15.172 -0.526664
16.5453 -0.626419
15.6875 -0.561394
15.9208 -0.548282
15.1753 -0.495788
16.5493 -0.589703
15.6912 -0.52849
15.9243 -0.514117
15.1785 -0.464894
16.5532 -0.552964
15.6946 -0.495565
15.9275 -0.479931
15.1814 -0.433982
16.5568 -0.516201
15.6979 -0.462619
15.9305 -0.445727
15.1842 -0.403053
16.5602 -0.479418
15.7009 -0.429654
15.9333 -0.411507
15.1867 -0.372109
16.5633 -0.442615
15.7037 -0.396672
15.9359 -0.37727
15.189 -0.34115
16.5661 -0.405794
15.7063 -0.363673
15.9382 -0.343019
15.1912 -0.310178
16.5687 -0.368956
15.7086 -0.330659
15.9404 -0.308754
15.1931 -0.279194
16.5711 -0.332104
15.7107 -0.297632
15.9423 -0.274478
15.1948 -0.2482
16.5732 -0.295237
15.7126 -0.264593
15.9439 -0.240191
15.1963 -0.217196
16.5751 -0.258359
15.7143 -0.231542
15.9454 -0.205896
15.1976 -0.186183
16.5767 -0.22147
15.7158 -0.198482
15.9466 -0.171592
15.1988 -0.155164
16.5781 -0.184572
15.717 -0.165415
15.9476 -0.137281
15.1997 -0.124138
16.5792 -0.147667
15.718 -0.13234
15.9484 -0.102966
15.2004 -0.0931078
16.5801 -0.110756
15.7188 -0.0992596
15.949 -0.0686459
15.2009 -0.0620738
16.5807 -0.0738395
15.7193 -0.0661753
15.9493 -0.0343236
15.2012 -0.0310375
16.581 -0.0369205
15.7197 -0.0330883
